inst/extdata/log_cr10_acum_rm_t1_aver.asc
ncols 114
nrows 113
xllcorner 688075
yllcorner 4173950
cellsize 25.000000
NODATA_value -9999
[rows 28 to 55 of 113, columns 0 to 63 of 114]
-9999 -9999 -9999 -9999 -9999 -9999 -9999 -9999 -9999 -9999 -9999 -9999 -9999 -9999 -9999 -9999 -9999 -9999 -9999 0.20083937 0.19575591 0.1999452 0.16027622 0.15640894 0.15770596 0.24213592 0.21560735 0.21654025 0.21927065 0.21927065 0.21927065 0.22360429 0.22729881 0.34222885 0.28849239 0.31480473 0.30004623 0.2699325 0.27422573 0.27080389 0.27014622 0.27338434 0.27255749 0.27255749 0.27255749 0.33580079 -9999 -9999 -9999 -9999 -9999 -9999 -9999 -9999 -9999 -9999 -9999 -9999 -9999 -9999 -9999 -9999 -9999 -9999
-9999 -9999 -9999 -9999 -9999 -9999 -9999 -9999 -9999 -9999 -9999 -9999 -9999 -9999 -9999 -9999 -9999 -9999 -9999 0.18223279 0.18587224 0.12703457 0.1281802 0.15693396 0.23330103 0.20446242 0.20556503 0.20871526 0.20871526 0.20923504 0.21371633 0.25513542 0.33927858 0.28495993 0.31178339 0.27602992 0.26485809 0.26961065 0.26578501 0.26554909 0.26856274 0.26767537 0.26767537 0.298077 0.33245735 0.28044994 -9999 -9999 -9999 -9999 -9999 -9999 -9999 -9999 -9999 -9999 -9999 -9999 -9999 -9999 -9999 -9999 -9999 -9999
-9999 -9999 -9999 -9999 -9999 -9999 -9999 -9999 -9999 -9999 -9999 -9999 -9999 -9999 -9999 -9999 -9999 -9999 0.16559687 0.17184676 0.09776291 0.09183082 0.09562073 0.22454509 0.1938737 0.1951285 0.19877141 0.19877141 0.19877141 0.20446242 0.20923504 0.33657205 0.28124706 0.30907538 0.29314669 0.26043789 0.26530628 0.26142788 0.26068003 0.2643548 0.26342191 0.26342191 0.26342191 0.32936603 0.27528557 0.2907732 0.28762293 0.28934878 -9999 -9999 -9999 -9999 -9999 -9999 -9999 -9999 -9999 -9999 -9999 -9999 -9999 -9999 -9999 -9999
-9999 -9999 -9999 -9999 -9999 -9999 -9999 -9999 -9999 -9999 -9999 -9999 -9999 -9999 -9999 -9999 -9999 -9999 0.15006512 0 0.01260662 0.05210811 0.21244665 0.17840324 0.17998576 0.18441646 0.18441646 0.18514435 0.19131756 0.23706703 0.33330042 0.27733453 0.30575904 0.26701611 0.25462577 0.26005441 0.25568807 0.25541703 0.25887152 0.25786084 0.25786084 0.28946886 0.32560164 0.27230455 0.28695425 0.28404861 0.28550017 0.35790739 -9999 -9999 -9999 -9999 -9999 -9999 -9999 -9999 -9999 -9999 -9999 -9999 -9999 -9999 -9999 -9999
-9999 -9999 -9999 -9999 -9999 -9999 -9999 -9999 -9999 -9999 -9999 -9999 -9999 -9999 -9999 -9999 -9999 -9999 0.12025831 0.17879039 0.20400283 0.19960947 0.16272251 0.16463875 0.1701133 0.1701133 0.1701133 0.17840324 0.18514435 0.33028011 0.27319944 0.30276758 0.28538733 0.249515 0.25513676 0.25066097 0.24979425 0.25404202 0.25297186 0.25297186 0.25297186 0.32209247 0.26650594 0.2837336 0.28028567 0.28219249 0.37913765 0.33327497 0.3032293 -9999 -9999 -9999 -9999 -9999 -9999 -9999 -9999 -9999 -9999 -9999 -9999 -9999 -9999 -9999
-9999 -9999 -9999 -9999 -9999 -9999 -9999 -9999 -9999 -9999 -9999 -9999 -9999 -9999 -9999 -9999 -9999 -9999 0.12206061 0.13735958 0.13735958 0.13735958 0.1401632 0.14763652 0.14763652 0.14885082 0.15877705 0.21177406 0.32660711 0.26881516 0.29908845 0.25662293 0.24271386 0.24904312 0.24395784 0.24363944 0.24768611 0.24651231 0.24651231 0.27952537 0.31778386 0.26312956 0.27950773 0.2763217 0.27793414 0.35316255 0.33029269 0.27488176 0.27793414 0.28067269 -9999 -9999 -9999 -9999 -9999 -9999 -9999 -9999 -9999 -9999 -9999 -9999 -9999 -9999
-9999 -9999 -9999 -9999 -9999 -9999 -9999 -9999 -9999 -9999 -9999 -9999 -9999 -9999 -9999 -9999 -9999 -9999 0.10491137 0.10694058 0.10694058 0.11099901 0.12206061 0.12206061 0.12206061 0.13735958 0.14885082 0.3231896 0.26414945 0.29574411 0.27649136 0.23665647 0.24330801 0.2380168 0.23698621 0.24201917 0.24076437 0.24076437 0.24076437 0.31372463 0.25651872 0.27593176 0.27212438 0.27425458 0.37503371 0.32756468 0.29588302 0.27425458 0.27652606 0.27951161 0.29381406 -9999 -9999 -9999 -9999 -9999 -9999 -9999 -9999 -9999 -9999 -9999 -9999 -9999
-9999 -9999 -9999 -9999 -9999 -9999 -9999 -9999 -9999 -9999 -9999 -9999 -9999 -9999 -9999 -9999 -9999 0.03151655 0.03151655 0.03151655 0.04412316 0.06886247 0.06886247 0.07254967 0.09823684 0.16919098 0.31900102 0.25916401 0.2916076 0.24431363 0.22845989 0.23604866 0.22996059 0.22957481 0.23445935 0.23305962 0.23305962 0.26775193 0.30868495 0.25262603 0.27120077 0.26767537 0.26948881 0.34791154 0.32426064 0.26605177 0.26948881 0.27255749 0.27509082 0.29852332 0.30693308 0.29444839 -9999 -9999 -9999 -9999 -9999 -9999 -9999 -9999 -9999 -9999 -9999 -9999
-9999 -9999 -9999 -9999 -9999 -9999 -9999 -9999 -9999 -9999 -9999 -9999 -9999 -9999 -9999 -9999 -9999 0.06148807 0.03151655 0.03151655 0.01260662 0 0 0.03151655 0.07254967 0.31506449 0.25381135 0.28781153 0.26600558 0.22102475 0.22916933 0.22269811 0.22142715 0.22760262 0.22608611 0.22608611 0.22608611 0.30386875 0.24493761 0.26718013 0.26293023 0.26534312 0.37047585 0.32121859 0.28759531 0.26534312 0.2679056 0.27125814 0.286947 0.30448726 0.29119986 0.64642045 0.29381016 -9999 -9999 -9999 -9999 -9999 -9999 -9999 -9999 -9999 -9999 -9999
-9999 -9999 -9999 -9999 -9999 -9999 -9999 -9999 -9999 -9999 -9999 -9999 -9999 -9999 -9999 -9999 -9999 0.16272251 0.13654089 0.10694058 0.10694058 0.09183082 0.0877724 0.21957842 0.31018922 0.24803356 0.28307981 0.22913713 0.21071007 0.22018576 0.21260109 0.21211187 0.2182737 0.21654025 0.21654025 0.25331515 0.2977948 0.24034211 0.26180482 0.25786084 0.25993255 0.342028 0.31751278 0.25599986 0.25993255 0.26342191 0.26628798 0.29208285 0.30133289 0.28779951 0.64441755 0.29053241 0.29235286 0.29591831 -9999 -9999 -9999 -9999 -9999 -9999 -9999 -9999 -9999 -9999
-9999 -9999 -9999 -9999 -9999 -9999 -9999 -9999 -9999 -9999 -9999 -9999 -9999 -9999 -9999 -9999 0.23129208 0.17271348 0.17840324 0.14969031 0.13735958 0.01629382 0.27272797 0.23874261 0.24175652 0.27868433 0.25309315 0.20108341 0.21158963 0.20325711 0.20159912 0.20959194 0.20767569 0.20767569 0.20767569 0.29187077 0.23115468 0.25721093 0.25240331 0.25518543 0.36534307 0.31407327 0.27808621 0.25518543 0.25812444 0.26194689 0.27932854 0.29868642 0.28423233 0.64301824 0.28709991 0.28934878 0.29119986 0.30493423 0.30656511 -9999 -9999 -9999 -9999 -9999 -9999 -9999 -9999 -9999
-9999 -9999 -9999 -9999 -9999 -9999 -9999 -9999 -9999 -9999 -9999 -9999 -9999 -9999 -9999 -9999 0 0.36721489 0.38967841 0.37756169 0.38542414 0.40746722 0.23081646 0.23488662 0.27314516 0.20912224 0.18716611 0.19978262 0.18972224 0.18905433 0.19740491 0.1951285 0.1951285 0.23463843 0.28422075 0.22554648 0.25098413 0.24651231 0.2489281 0.33533123 0.30985147 0.24433263 0.2489281 0.25297186 0.25627134 0.284975 0.29525679 0.28048124 0.64081293 0.28349746 0.28550017 0.28939902 0.30184278 0.30396445 0.30548124 0.32370475 -9999 -9999 -9999 -9999 -9999 -9999 -9999 -9999
-9999 -9999 -9999 -9999 -9999 -9999 -9999 -9999 -9999 -9999 -9999 -9999 -9999 -9999 -9999 -9999 0.31533128 0.17563759 0.26147195 0.19252586 0.16891788 0.22360429 0.22729881 0.2679151 0.23586353 0.17350474 0.18832043 0.17660641 0.17422054 0.18556333 0.18296068 0.18296068 0.18296068 0.27651959 0.21412944 0.24562166 0.24009045 0.24337529 0.35945817 0.30589266 0.26692853 0.24337529 0.24682061 0.25126622 0.27076519 0.29237303 0.27652606 0.63926472 0.27970718 0.28219249 0.28423233 0.29921404 0.30097664 0.30298182 0.31500742 0.33158032 -9999 -9999 -9999 -9999 -9999 -9999 -9999 -9999
-9999 -9999 -9999 -9999 -9999 -9999 -9999 -9999 -9999 -9999 -9999 -9999 -9999 -9999 -9999 -9999 0.14343109 0.21733309 0.17666978 0.15508294 0.21371633 0.21882697 0.26121628 0.17882234 0.15206409 0.17095552 0.15600955 0.15496003 0.16795473 0.16463875 0.16463875 0.20812436 0.26617238 0.20693532 0.23821418 0.23305962 0.23595661 0.32754975 0.30098376 0.23042944 0.23595661 0.24076437 0.24465174 0.27703317 0.28861414 0.27234351 0.63681145 0.27570861 0.27793414 0.28223546 0.29586368 0.29816429 0.29980552 0.31925633 0.32945178 0.37705233 0.3361981 -9999 -9999 -9999 -9999 -9999 -9999 -9999
-9999 -9999 -9999 -9999 -9999 -9999 -9999 -9999 -9999 -9999 -9999 -9999 -9999 -9999 -9999 -9999 0.24343576 0.16058033 0.19536404 0.20446242 0.20923504 0.25474254 0.20778463 0.12843638 0.15372415 0.1338561 0.12958201 0.14926634 0.14520791 0.14520791 0.14520791 0.25515133 0.19184448 0.23176351 0.22525884 0.22926836 0.35254641 0.29631754 0.25342222 0.22926836 0.23343084 0.23874261 0.26097395 0.28544509 0.2679056 0.63507888 0.27147728 0.27425458 0.27652606 0.29300539 0.29492286 0.29709946 0.30997257 0.32766271 0.38888705 0.33456926 0.33456926 0.33456926 -9999 -9999 -9999 -9999 -9999 -9999
-9999 -9999 -9999 -9999 -9999 -9999 -9999 -9999 -9999 -9999 -9999 -9999 -9999 -9999 -9999 -9999 0.13404361 0.18514435 0.19131756 0.19818451 0.2462334 0.1025212 0.080398 0.1171186 0.08910175 0.08670131 0.1171186 0.11099901 0.11099901 0.16181658 0.23911065 0.18181061 0.22260107 0.21654025 0.22015802 0.31824787 0.29044813 0.21322466 0.22015802 0.22608611 0.23081646 0.2680134 0.28128474 0.26317939 0.63231479 0.26698466 0.26948881 0.2742857 0.28934878 0.2918613 0.29364921 0.31450754 0.32541457 0.37445227 0.33252762 0.33252762 0.33252762 0.48281057 0.63266228 -9999 -9999 -9999 -9999 -9999
-9999 -9999 -9999 -9999 -9999 -9999 -9999 -9999 -9999 -9999 -9999 -9999 -9999 -9999 -9999 -9999 0.16460125 0.17840324 0.18514435 0.23770456 0.19678305 0.00630331 0.05780087 0.04888145 0.03781986 0.07077872 0.06148807 0.06148807 0.06148807 0.2196203 0.15947899 0.21447833 0.2066046 0.21174964 0.34414758 0.28476128 0.23629725 0.21174964 0.2170067 0.22360429 0.24951486 0.27776561 0.25812444 0.630348 0.26219604 0.26534312 0.2679056 0.28621699 0.28831917 0.29069927 0.3045508 0.32352207 0.38655601 0.3308135 0.3308135 0.3308135 0.44041161 0.63241758 0.37201559 0.34626463 -9999 -9999 -9999 -9999
-9999 -9999 -9999 -9999 -9999 -9999 -9999 -9999 -9999 -9999 -9999 -9999 -9999 -9999 -9999 -9999 0.15877705 0.16924657 0.22596283 0.06997505 0.02521324 0.05367709 0.16145007 0.17492343 0.17614981 0.16587101 0.18257963 0.25972681 0.18303605 0.14287163 0.20240217 0.1951285 0.1999452 0.30665905 0.27745354 0.19064364 0.1999452 0.20767569 0.21371633 0.25753314 0.27310377 0.25269203 0.62718286 0.25707002 0.25993255 0.26535489 0.28219249 0.28495993 0.28692332 0.30941304 0.32114007 0.37172636 0.32866207 0.32866207 0.32866207 0.4810572 0.63204615 0.34626836 0.34453192 0.34112804 -9999 -9999 -9999 -9999
-9999 -9999 -9999 -9999 -9999 -9999 -9999 -9999 -9999 -9999 -9999 -9999 -9999 -9999 -9999 -9999 0.14885082 0.21337492 0.20380813 0.2219649 0.28060851 0.25422515 0.03781986 0.09795041 0.14885082 0.28769438 0.06148807 0 0.09860806 0.19132701 0.18144153 0.18862189 0.33339896 0.2701649 0.2128538 0.18862189 0.19575591 0.20446242 0.23564244 0.26914367 0.24682061 0.62490859 0.25155494 0.25518543 0.25812444 0.27872932 0.2810556 0.28368117 0.29867562 0.31913144 0.38411237 0.32685322 0.32685322 0.32685322 0.43791636 0.63179471 0.36933665 0.34307431 0.34086237 0.34037138 0.34286088 -9999 -9999 -9999
-9999 -9999 -9999 -9999 -9999 -9999 -9999 -9999 -9999 -9999 -9999 -9999 -9999 -9999 -9999 -9999 0.19415906 0.1681329 0.18587224 0.21103483 0.23258459 0.24420799 0.02521324 0.13606903 0.34056975 0.31240832 0.14898298 0.04781036 0.17328937 0.16463875 0.17184676 0.29123232 0.26046445 0.15770596 0.17184676 0.18296068 0.19131756 0.24492952 0.26383526 0.24043365 0.62120614 0.24558744 0.2489281 0.25516493 0.27425458 0.27733453 0.27951161 0.3039159 0.31659865 0.36886074 0.32457953 0.32457953 0.32457953 0.47921453 0.63141286 0.34307124 0.34126292 0.33770382 0.3384887 0.33341666 0.27833388 0.28048124 -9999 -9999
-9999 -9999 -9999 -9999 -9999 -9999 -9999 -9999 -9999 -9999 -9999 -9999 -9999 -9999 -9999 -9999 0.16784034 0.17184676 0.19666991 0.22555264 0.03938262 0.12336083 0.07254967 0.33809027 0.26948881 0.23801724 0.05259668 0.15516647 0.1425918 0.15449269 0.31836374 0.25029563 0.1754182 0.15449269 0.16559687 0.17840324 0.21791949 0.25929997 0.23343084 0.61851037 0.23908581 0.24337529 0.24682061 0.27038159 0.27298546 0.27591297 0.29226125 0.31445871 0.38154314 0.32266489 0.32266489 0.32266489 0.43527925 0.63115426 0.36654197 0.3397372 0.33742072 0.33691048 0.33951902 0.2746727 0.27652606 0.27872932 0.34547339 -9999
-9999 -9999 -9999 -9999 -9999 -9999 -9999 -9999 -9999 -9999 -9999 -9999 -9999 -9999 -9999 -9999 0.15006512 0.18705517 0.21577189 0.20637642 0.29832061 0.02851341 0.33422005 0.26534312 0.22192921 0 0.11481049 0.11099901 0.12537658 0.26796839 0.23581415 0.09562073 0.12537658 0.14520791 0.15877705 0.2288541 0.25312059 0.22568188 0.61405061 0.23194594 0.23595661 0.24329892 0.26534312 0.26881516 0.27125814 0.29794305 0.31175473 0.36583907 0.32025419 0.32025419 0.32025419 0.47727246 0.63076132 0.33972602 0.33783962 0.33411043 0.33493484 0.32936441 0.26993791 0.27234351 0.27425458 0.36914056 0.31048802 0.310746
-9999 -9999 -9999 -9999 -9999 -9999 -9999 -9999 -9999 -9999 -9999 -9999 -9999 -9999 -9999 -9999 0.1662697 0.20676391 0.18589755 0.18162217 0.24789031 0.33132363 0.25993255 0.19871207 0.00630331 0.05352678 0.05149756 0.0877724 0.29286181 0.21890889 0.07109155 0.0877724 0.11302822 0.13735958 0.19289537 0.24779692 0.2170067 0.61074141 0.22402733 0.22926836 0.23343084 0.26095025 0.26390694 0.2672149 0.28519411 0.3094651 0.37883291 0.3182206 0.3182206 0.3182206 0.432483 0.63049509 0.36362087 0.33623909 0.33380768 0.33327668 0.33601622 0.26581555 0.2679056 0.27038159 0.3401349 0.30815838 0.30829304 0.30920712
-9999 -9999 -9999 -9999 -9999 -9999 -9999 -9999 -9999 -9999 -9999 -9999 -9999 -9999 -9999 -9999 0.19367341 0.15258231 0.15846254 0.22029664 0.32670084 0.25518543 0.19475728 0.03151655 0.06148807 0.0730236 0 0.21820811 0.1422573 0.34449097 0.00630331 0.06148807 0.09823684 0.20559804 0.24036524 0.20715591 0.60513408 0.2151409 0.22015802 0.22908925 0.25518543 0.25916401 0.26194689 0.2913982 0.30656511 0.36264191 0.31565532 0.31565532 0.31565532 0.47521902 0.63009034 0.33621819 0.33424667 0.33033028 0.33119842 0.32502244 0.26044491 0.26317939 0.26534312 0.36490235 0.30520356 0.30548124 0.30629566 0.33727682
-9999 -9999 -9999 -9999 -9999 -9999 -9999 -9999 -9999 -9999 -9999 -9999 -9999 -9999 -9999 -9999 0.14660686 0.12722208 0.22281085 0.32318644 0.2489281 0.2390476 0.20836253 0.27526099 0.28437998 0.3306704 0.3731669 0.08731678 0.27570861 0.33589502 0.04888145 0.03151655 0.14704883 0.23387395 0.19575591 0.60084962 0.20501373 0.21174964 0.2170067 0.25011137 0.25353152 0.25733363 0.27731904 0.30410329 0.37596312 0.31348703 0.31348703 0.31348703 0.42950695 0.62981598 0.36056113 0.33256359 0.33000522 0.32945178 0.33233617 0.25572839 0.25812444 0.26095025 0.33415672 0.30269539 0.30284083 0.30382561 0.30507098 0.42273926
-9999 -9999 -9999 -9999 -9999 -9999 -9999 -9999 -9999 -9999 -9999 -9999 -9999 -9999 -9999 -9999 0.0915465 0.19949683 0.31738849 0.24337529 0.23008417 0.20680847 0.23641879 0.20639497 0.26581555 0.26948881 0.26948881 0.27125814 0.27255749 0.32373642 0.03781986 0.14882803 0.22443305 0.18223279 0.59329664 0.19324629 0.1999452 0.21136289 0.24337529 0.24803356 0.25126622 0.28415026 0.30097664 0.35924589 0.310746 0.310746 0.310746 0.47303988 0.62939862 0.33253099 0.33046633 0.32634289 0.32725965 0.32033131 0.24952447 0.25269203 0.25518543 0.36017855 0.29950489 0.29980552 0.30068563 0.33244176 0.42194335 0.38200754
-9999 -9999 -9999 -9999 -9999 -9999 -9999 -9999 -9999 -9999 -9999 -9999 -9999 -9999 -9999 -9999 0.18976425 0.31284625 0.23595661 0.22209461 0.16559687 0.22587018 0.18441646 0.26144857 0.26510691 0.26534312 0.26698466 0.26859062 0.27060073 0.3205089 0.08670131 0.21594867 0.16559687 0.58721995 0.1791945 0.18862189 0.19575591 0.2373698 0.2414258 0.24589573 0.26841546 0.2983146 0.37291121 0.30842389 0.30842389 0.30842389 0.42632613 0.62911555 0.35734864 0.32869169 0.32599234 0.32541457 0.32845998 0.24401352 0.24682061 0.25011137 0.32735537 0.29678856 0.29694663 0.29801398 0.29936191 0.42124426 0.38104776 0.38186433
-9999 -9999 -9999 -9999 -9999 -9999 -9999 -9999 -9999 -9999 -9999 -9999 -9999 -9999 -9999 -9999 0.30490035 0.22926836 0.2092876 0.17321316 0.21060741 0.17982398 0.25572839 0.25993255 0.25993255 0.26194689 0.26342191 0.26605177 0.30126353 0.22233516 0.20245539 0.14399361 0.57563609 0.16176438 0.17184676 0.18774484 0.22926836 0.23488662 0.23874261 0.27601293 0.29492286 0.35562256 0.30548124 0.30548124 0.30548124 0.4707177 0.62868469 0.3286449 0.32647788 0.32212421 0.32309536 0.31520473 0.23666994 0.24043365 0.24337529 0.35482723 0.2933215 0.29364921 0.29460654 0.32721333 0.42042761 0.38007515 0.38080578 0.38148118
