inst/extdata/log_cr10_acum_rm_t1_aver.asc
ncols 114
nrows 113
xllcorner 688075
yllcorner 4173950
cellsize 25.000000
NODATA_value -9999
[rows 84 to 111 of 113, columns 0 to 63 of 114]
-9999 -9999 -9999 -9999 -9999 -9999 0.23305962 0.23437108 0.22271692 0.21427179 0.21927065 0.15084808 0.03258764 0.48048438 0.31468798 0.3032638 0.30410329 0.61435642 0.25925658 0.2012285 0.18484495 0.18441646 0.20324812 0.21268253 0.21927065 0.21742762 0.21413479 0.20871526 0.23168161 0.22443156 0.33160138 0.34114603 0.34407782 0.34543013 0.34629215 0.38034508 0.32210211 0.29523647 0.29846239 0.30804339 0.34873539 0.35305609 0.35390258 0.36083221 0.35742098 0.33783897 0.26881516 0.2716861 0.27488176 0.2775344 0.2810556 0.30070244 0.34926811 0.35147732 0.34759608 0.36057985 0.35466913 0.35691562 0.35982823 0.39238842 0.35874603 0.31958193 0.32114007 0.35811127
-9999 -9999 -9999 -9999 -9999 -9999 0.39162891 0.24076437 0.24305618 0.23154311 0.22702841 0.21220049 0.4765991 0.30197461 0.30010125 0.30112214 0.61347827 0.19461028 0.18677834 0.15770596 0.166555 0.19324629 0.20104781 0.20871526 0.2066046 0.2015942 0.19638331 0.22128996 0.214624 0.3769061 0.33927706 0.34245384 0.34367507 0.34479681 0.37903342 0.29479278 0.29169143 0.29586368 0.30507242 0.35030743 0.35147732 0.3526287 0.35941248 0.37784274 0.33396078 0.26414945 0.26674845 0.27060073 0.27298546 0.2775344 0.29726018 0.34798511 0.34986382 0.34293913 0.35910619 0.35347961 0.35542007 0.35878471 0.39120841 0.37384604 0.31706353 0.31913144 0.35654729 0.36933233
-9999 -9999 -9999 -9999 -9999 -9999 0.38224249 0.46248946 0.46479562 0.46721101 0.46591519 0.45446754 0.30944479 0.29740514 0.2983146 0.61287039 0.2384373 0.17155748 0.14576078 0.14763652 0.17657839 0.18987669 0.19877141 0.1963023 0.19185795 0.18441646 0.21446634 0.20553351 0.31998129 0.33771925 0.34079279 0.34220695 0.34310779 0.37787849 0.31664361 0.28866237 0.292186 0.30250419 0.34563794 0.35016016 0.35104081 0.35821272 0.35468204 0.33033944 0.25916401 0.26243191 0.26605177 0.26903971 0.27298546 0.29419944 0.34621409 0.34851654 0.34445829 0.35792256 0.3518379 0.35417178 0.35719442 0.39033132 0.35483565 0.31493893 0.31659865 0.3552891 0.36813069 0.36881991
-9999 -9999 -9999 -9999 -9999 -9999 0.28550017 0.28550017 0.28550017 0.28550017 0.3091969 0.2960057 0.29397112 0.29508101 0.61192318 0.1549065 0.14727384 0.09562073 0.11505743 0.16176438 0.17342928 0.18441646 0.18144153 0.17420461 0.166555 0.20103132 0.19252586 0.36840541 0.33575848 0.33909291 0.34037138 0.34154482 0.37651154 0.28816332 0.28477257 0.28934878 0.29928899 0.34729764 0.34851654 0.34971535 0.35673986 0.37528855 0.32587368 0.25381135 0.25679855 0.26119941 0.26390694 0.26903971 0.29039633 0.34487555 0.34683524 0.33958911 0.35639026 0.35060078 0.35261814 0.35611209 0.38910257 0.37037745 0.31225134 0.31445871 0.35365407 0.36702626 0.36755147 0.36818843
-9999 -9999 -9999 -9999 -9999 -9999 0.28219249 0.28219249 0.28219249 0.3064329 0.30376781 0.291033 0.29202515 0.61126538 0.19692135 0.11512782 0.03938262 0.06886247 0.13367239 0.15640894 0.1701133 0.16637221 0.15953081 0.14763652 0.19151927 0.17992239 0.3044318 0.33412266 0.33735237 0.33883432 0.33977763 0.37530625 0.31068293 0.28143456 0.28531645 0.29649724 0.34240039 0.34714416 0.34806184 0.35549378 0.35183489 0.32165817 0.24803356 0.25182588 0.25599986 0.25942019 0.26390694 0.28698911 0.34302623 0.34543013 0.34117792 0.35516027 0.34889201 0.35132034 0.35446167 0.38819048 0.35059873 0.30997927 0.31175473 0.35233979 0.36578558 0.36649728 0.36702626 0.36216313
-9999 -9999 -9999 -9999 -9999 -9999 0.27793414 0.27793414 0.30304605 0.28950268 0.28727649 0.28849239 0.55552954 0.0983351 0.07815312 0.07136561 0.01260662 0.10491137 0.1281802 -9999 -9999 0.12946696 0.11505743 0.17233153 0.16058033 0.35666374 0.33206057 0.33556916 0.33691048 0.33814061 0.37387892 0.28086546 0.27712567 0.28219249 0.29299305 0.34415794 0.34543013 0.34668045 0.35396361 0.37262951 0.31639304 0.24175652 0.24526832 0.25040008 0.25353152 0.25942019 0.28273542 0.34162711 0.34367507 0.33607615 0.35356428 0.34760332 0.34970392 0.35333753 0.38690806 0.36661553 0.30709811 0.3094651 0.35062609 0.36464468 0.3651873 0.36584521 0.36074897 0.34495566
-9999 -9999 -9999 -9999 -9999 0.27425458 0.27425458 0.29998898 0.29757681 0.28404861 -9999 -9999 -9999 -9999 -9999 -9999 0.03151655 0.09183082 -9999 -9999 -9999 -9999 0.15613597 0.13997569 0.28076789 0.33033851 0.33374114 0.3352977 0.33628769 0.37261849 0.30411663 0.2734085 0.27772978 0.28993432 0.33900915 0.3439977 0.34495566 0.35266744 0.34887056 0.31134848 0.23488662 0.23940404 0.24433263 0.24833174 0.25353152 0.27888885 0.33969224 0.34220695 0.33774128 0.35228397 0.34582177 0.34835253 0.35162224 0.38595742 0.34597006 0.30465656 0.30656511 0.34924973 0.36336235 0.36409804 0.36464468 0.3595901 0.34343257 0.3650001
-9999 -9999 -9999 -9999 -9999 0.26948881 0.29622764 0.2823604 0.27990276 0.28124706 -9999 -9999 -9999 -9999 -9999 -9999 -9999 -9999 -9999 -9999 -9999 -9999 0.10170837 0.33704284 0.32816403 0.33186599 0.33327668 0.33456926 0.37112496 0.27274831 0.26857925 0.27425458 0.28608259 0.3408766 0.34220695 0.34351341 0.35107525 0.36985655 0.30493224 0.22729881 0.23155891 0.237713 0.2414258 0.24833174 0.27405549 0.33822681 0.34037138 0.33238345 0.3506185 0.34447703 0.34666802 0.35045293 0.38461558 0.3624993 0.30155178 0.30410329 0.34744828 0.3621825 0.36274372 0.36342401 0.35812296 0.34171091 0.36354131 0.37111199
-9999 -9999 -9999 -9999 -9999 0.29280459 0.29076677 0.2763217 -9999 -9999 -9999 -9999 -9999 -9999 -9999 -9999 -9999 -9999 -9999 -9999 -9999 -9999 0.22862225 0.32634608 0.32994124 0.33158032 0.33262186 0.36980395 0.29680532 0.26438566 0.26925858 0.28269914 0.3354485 0.34070897 0.34171091 0.34972474 0.34577891 0.29864986 0.21882697 0.22441275 0.23042944 0.23524328 0.2414258 0.26963263 0.3361981 0.33883432 0.33413257 0.34928336 0.34261622 0.34525843 0.34866747 0.38362217 0.34086215 0.29891341 0.30097664 0.34600276 0.36085562 0.36161697 0.3621825 0.35692067 0.3401176 0.36226864 0.39950042 0.32179748
-9999 -9999 -9999 -9999 -9999 0.27443925 0.27169642 -9999 -9999 -9999 -9999 -9999 -9999 -9999 -9999 -9999 -9999 -9999 -9999 -9999 -9999 -9999 0.32404621 0.32796417 0.32945178 0.3308135 0.3682375 0.26360289 0.25889298 0.26534312 0.27842107 0.33744023 0.33883432 0.34020219 0.34806518 0.36695941 0.29043235 0.20923504 0.21464923 0.22233516 0.22689458 0.23524328 0.2640239 0.33465975 0.33691048 0.32849146 0.3475418 0.34121032 0.34349986 0.34744921 0.38221409 0.35794596 0.29554737 0.2983146 0.34410263 0.35963405 0.3602152 0.36091943 0.35539632 0.33831466 0.36074613 0.36805987 0.31935738 0.35617623
-9999 -9999 -9999 -9999 0.28319653 0.26767537 -9999 -9999 -9999 -9999 -9999 -9999 -9999 -9999 -9999 -9999 -9999 -9999 -9999 -9999 0.29822746 0.32212104 0.32593187 0.32766271 0.32876145 0.36684957 0.28855475 0.25408282 0.25966895 0.27463377 0.33170007 0.33726451 0.33831466 0.34665551 0.34254841 0.28210107 0.19818451 0.20550199 0.21322466 0.21927065 0.22689458 0.2588103 0.33252762 0.3352977 0.33033346 0.34614664 0.33926288 0.34202681 0.3455876 0.38117294 0.33515351 0.29267767 0.29492286 0.34257936 0.35825941 0.35904828 0.35963405 0.35414713 0.33664432 0.3594155 0.3972883 0.31729821 0.3340784 0.37470931
-9999 -9999 -9999 -9999 0.2624452 -9999 -9999 -9999 -9999 -9999 -9999 -9999 -9999 -9999 -9999 -9999 -9999 -9999 -9999 -9999 0.31968037 0.32384115 0.32541457 0.32685322 0.36520239 0.25312759 0.24771515 0.25518543 0.26981956 0.33383346 0.3352977 0.33673304 0.34492253 0.36392633 0.27066057 0.18514435 0.19257237 0.20280851 0.20871526 0.21927065 0.25210782 0.33090872 0.33327668 0.32437722 0.34432132 0.33779 0.34018736 0.3443161 0.37969046 0.35283886 0.28900234 0.29202515 0.34056713 0.35699308 0.35759562 0.35832555 0.35256079 0.33475205 0.35782311 0.36482425 0.31469961 0.35298878 0.37323589 0.33840168
-9999 -9999 -9999 -9999 -9999 -9999 -9999 -9999 -9999 -9999 -9999 -9999 -9999 -9999 -9999 -9999 -9999 -9999 -9999 -9999 -9999 0.32352207 0.32468466 0.36374018 0.27908227 0.24207563 0.24861981 0.26551565 0.32774221 0.33364882 0.33475205 0.34344818 0.33916587 0.25827681 0.16924657 0.17985901 0.19064364 0.19877141 0.20871526 0.2457387 0.32866207 0.33158032 0.32632246 0.34286015 0.33574745 0.33864487 0.34237154 0.37859555 0.32866821 0.28585683 0.28831917 0.33895559 0.35556712 0.35638557 0.35699308 0.35126079 0.33299687 0.35642875 0.39495533 0.31250221 0.33028274 0.37193175 0.33655473 0.33814061
-9999 -9999 -9999 -9999 -9999 -9999 -9999 -9999 -9999 -9999 -9999 -9999 -9999 -9999 -9999 -9999 -9999 -9999 -9999 -9999 -9999 -9999 0.36200313 0.24086302 0.23450083 0.24337529 0.26000546 0.3300385 0.33158032 0.33309014 0.34163487 0.36074383 0.23937237 0.14885082 0.1606933 0.17602946 0.18441646 0.19877141 0.23737034 0.32695371 0.32945178 0.32001352 0.34094212 0.3342009 0.33671673 0.34104194 0.37702877 0.34700571 0.28180958 0.28514001 0.33681456 0.35425261 0.35487818 0.35563575 0.34960703 0.33100596 0.35475939 0.36137992 0.30972309 0.34963928 0.37038692 0.33484345 0.3361981 0.51117903
-9999 -9999 -9999 -9999 -9999 -9999 -9999 -9999 -9999 -9999 -9999 -9999 -9999 -9999 -9999 -9999 -9999 -9999 -9999 -9999 -9999 -9999 0.26795254 0.22768584 0.23558538 0.25501598 0.32354908 0.32984398 0.33100596 0.34008953 0.33561612 0.2150539 0.12040262 0.13978819 0.15770596 0.1701133 0.18441646 0.22914568 0.32457953 0.32766271 0.3220742 0.33940795 0.33205348 0.33509794 0.33900671 0.37587278 0.32113684 0.27832958 0.2810556 0.33510155 0.35277134 0.35362169 0.35425261 0.34825179 0.32915685 0.3532946 0.39248477 0.30736756 0.32627619 0.36901727 0.33290264 0.33456926 0.33646426 0.57934245
-9999 -9999 -9999 -9999 -9999 -9999 -9999 -9999 -9999 -9999 -9999 -9999 -9999 -9999 -9999 -9999 -9999 -9999 -9999 -9999 -9999 -9999 -9999 0.22926836 0.24856323 0.32603463 0.32766271 0.32925516 0.3381879 0.35739631 0.15626629 0.07254967 0.10229526 0.13315416 0.14763652 0.1701133 0.21791366 0.32277125 0.32541457 0.31536779 0.33738667 0.33042548 0.33307212 0.33761345 0.37420951 0.34017565 0.27382662 0.2775344 0.33281038 0.35140486 0.35205529 0.35284267 0.34652442 0.32705644 0.35153999 0.35769601 0.30438097 0.34611009 0.36739346 0.33110219 0.33252762 0.33849816 0.33499228 0.61535106
-9999 -9999 -9999 -9999 -9999 -9999 -9999 -9999 -9999 -9999 -9999 -9999 -9999 -9999 -9999 -9999 -9999 -9999 -9999 -9999 -9999 -9999 -9999 -9999 0.31908947 0.32582911 0.32705644 0.33656426 0.3318816 0.38101465 0.04150705 0.03889095 0.09562073 0.12206061 0.14763652 0.2061997 -9999 -9999 0.31755837 0.33577125 0.32816184 0.33136908 0.33547867 0.37298333 0.31211474 0.2699325 0.27298546 0.33097895 0.34986382 0.35074864 0.35140486 0.34510885 0.32510278 0.34999696 0.38985602 0.30184278 0.32203364 0.36595115 0.32905746 0.3308135 0.33280743 0.33327212 0.32426413 0.58724097
-9999 -9999 -9999 -9999 -9999 -9999 -9999 -9999 -9999 -9999 -9999 -9999 -9999 -9999 -9999 -9999 -9999 -9999 -9999 -9999 -9999 -9999 -9999 -9999 0.32352207 0.32520671 0.33456506 0.32603463 0.47206109 0.12537658 0.0877724 0.01260662 0.06886247 0.12206061 0.18881965 0.31833357 -9999 -9999 -9999 0.32644335 0.32923515 0.33401534 0.37120827 0.33188374 0.26485809 0.26903971 0.32850968 0.34844107 0.34911841 0.34993806 0.34330075 0.32288013 0.34814741 0.35373415 0.29861523 0.34238055 0.36423952 0.32715805 0.32866207 0.33491546 0.33116089 0.31466825 0.26534312 0.58671509
-9999 -9999 -9999 -9999 -9999 -9999 -9999 -9999 -9999 -9999 -9999 -9999 -9999 -9999 -9999 -9999 -9999 -9999 -9999 -9999 -9999 -9999 -9999 -9999 -9999 0.33285461 0.32794177 0.38195298 0.44001455 0.12537658 0.0877724 0 0.06886247 0.16799731 -9999 -9999 -9999 -9999 -9999 -9999 0.33177077 0.36990038 0.30078351 0.26043789 0.26390694 0.32653742 0.34683524 0.34775745 0.34844107 0.34181902 0.32080939 0.34651692 0.38704328 0.29586368 0.31752511 0.36271618 0.32499765 0.32685322 0.328957 0.32934151 0.31991944 0.26095025 0.36486538 0.48451409
-9999 -9999 -9999 -9999 -9999 -9999 -9999 -9999 -9999 -9999 -9999 -9999 -9999 -9999 -9999 -9999 -9999 -9999 -9999 -9999 -9999 -9999 -9999 -9999 -9999 -9999 0.38038437 0.31360748 0.43020467 0.10694058 0.08515629 0 0.12666334 -9999 -9999 -9999 -9999 -9999 -9999 -9999 0.36799396 0.32121906 0.25462577 0.25942019 0.32385214 0.34535139 0.34605797 0.34691263 0.33992194 0.31844938 0.34456094 0.34944586 0.29235286 0.33842617 0.36090628 0.32298774 0.32457953 0.33114448 0.32710676 0.30942761 0.25518543 0.45809966 0.4848238 -9999
-9999 -9999 -9999 -9999 -9999 -9999 -9999 -9999 -9999 -9999 -9999 -9999 -9999 -9999 -9999 -9999 -9999 -9999 -9999 -9999 -9999 -9999 -9999 -9999 -9999 -9999 0.31087319 0.31373117 0.42049225 0.08515629 0.05411367 -9999 -9999 -9999 -9999 -9999 -9999 -9999 -9999 -9999 -9999 0.249515 0.25353152 0.3217083 0.34367507 0.34463797 0.34535139 0.33836726 0.31624663 0.34283201 0.38401369 0.28934878 0.3127144 0.35929198 0.32069781 0.32266489 0.32489132 0.32517565 0.3152987 0.25011137 0.35824993 0.37937966 -9999 -9999
-9999 -9999 -9999 -9999 -9999 -9999 -9999 -9999 -9999 -9999 -9999 -9999 -9999 -9999 -9999 -9999 -9999 -9999 -9999 -9999 -9999 -9999 -9999 -9999 -9999 -9999 0.31100037 0.31348703 0.40480284 0.04412316 -9999 -9999 -9999 -9999 -9999 -9999 -9999 -9999 -9999 -9999 -9999 0.24833174 0.3187534 0.34212465 0.34286311 0.34375591 0.33637155 0.31373117 0.34075589 0.34476862 0.28550017 0.33421768 0.3573714 0.31856376 0.32025419 0.3271641 0.32280146 0.30370481 0.24337529 0.3988018 0.58892359 -9999 -9999 -9999
-9999 -9999 -9999 -9999 -9999 -9999 -9999 -9999 -9999 -9999 -9999 -9999 -9999 -9999 -9999 -9999 -9999 -9999 -9999 -9999 -9999 -9999 -9999 -9999 -9999 -9999 0.310746 0.33305546 -9999 -9999 -9999 -9999 -9999 -9999 -9999 -9999 -9999 -9999 -9999 -9999 -9999 -9999 0.34037138 0.34137872 0.34212465 0.33473602 0.31137843 0.33891532 0.38072442 0.28219249 0.30755721 0.35565427 0.31612775 0.3182206 0.32058487 0.32074358 0.31036444 0.2373698 0.35053748 0.31274966 -9999 -9999 -9999 -9999
-9999 -9999 -9999 -9999 -9999 -9999 -9999 -9999 -9999 -9999 -9999 -9999 -9999 -9999 -9999 -9999 -9999 -9999 -9999 -9999 -9999 -9999 -9999 -9999 0.30575474 0.30842389 0.33079652 0.30861106 -9999 -9999 -9999 -9999 -9999 -9999 -9999 -9999 -9999 -9999 -9999 -9999 -9999 -9999 0.33952147 0.34045597 0.33263026 0.30868559 0.33670244 0.33961986 0.27793414 0.32971969 0.35360808 0.31385323 0.31565532 0.32294941 0.31821066 0.29737109 0.22926836 0.3930814 0.30998107 0.33448785 -9999 -9999 -9999 -9999
-9999 -9999 -9999 -9999 -9999 -9999 -9999 -9999 -9999 -9999 -9999 -9999 -9999 -9999 -9999 -9999 -9999 -9999 -9999 -9999 -9999 -9999 -9999 -9999 0.30548124 0.32880435 -9999 -9999 -9999 -9999 -9999 -9999 -9999 -9999 -9999 -9999 -9999 -9999 -9999 -9999 -9999 -9999 -9999 0.33090451 0.30616094 0.33473416 0.37711821 0.27425458 0.3019984 0.35177373 0.31125124 0.31348703 0.31600735 0.3160076 0.30507098 0.22191212 0.34128335 0.30763307 -9999 -9999 -9999 -9999 -9999 -9999
-9999 -9999 -9999 -9999 -9999 -9999 -9999 -9999 -9999 -9999 -9999 -9999 -9999 -9999 -9999 -9999 -9999 -9999 -9999 -9999 -9999 -9999 -9999 0.30298182 0.32638981 0.30315531 -9999 -9999 -9999 -9999 -9999 -9999 -9999 -9999 -9999 -9999 -9999 -9999 -9999 -9999 -9999 -9999 -9999 -9999 0.33236415 0.33388733 0.26948881 0.32488887 0.34958372 0.30881643 0.310746 0.31847071 0.31329225 0.29021711 0.21174964 0.38620043 0.30465864 -9999 -9999 -9999 -9999 -9999 -9999 -9999
-9999 -9999 -9999 -9999 -9999 -9999 -9999 -9999 -9999 -9999 -9999 -9999 -9999 -9999 -9999 -9999 -9999 -9999 -9999 -9999 -9999 -9999 0.29980552 0.3242524 -9999 -9999 -9999 -9999 -9999 -9999 -9999 -9999 -9999 -9999 -9999 -9999 -9999 -9999 -9999 -9999 -9999 -9999 -9999 -9999 -9999 0.26534312 0.295968 0.34761454 0.30602419 0.30842389 0.3111223 0.31092122 0.29936191 0.2022572 -9999 -9999 -9999 -9999 -9999 -9999 -9999 -9999 -9999 -9999
-9999 -9999 -9999 -9999 -9999 -9999 -9999 -9999 -9999 -9999 -9999 -9999 -9999 -9999 -9999 -9999 -9999 -9999 -9999 -9999 -9999 -9999 -9999 0.2972518 -9999 -9999 -9999 -9999 -9999 -9999 -9999 -9999 -9999 -9999 -9999 -9999 -9999 -9999 -9999 -9999 -9999 -9999 -9999 -9999 -9999 0.3196713 0.34525824 0.30340479 0.30548124 0.31369223 0.30799386 0.28184705 -9999 -9999 -9999 -9999 -9999 -9999 -9999 -9999 -9999 -9999 -9999 -9999
