inst/extdata/log_cr10_acum_rm_t1_aver.asc
ncols 114
nrows 113
xllcorner 688075
yllcorner 4173950
cellsize 25.000000
NODATA_value -9999
[rows 56 to 83 of 113, columns 0 to 63 of 114]
-9999 -9999 -9999 -9999 -9999 -9999 -9999 -9999 -9999 -9999 -9999 -9999 -9999 -9999 -9999 -9999 0.22015802 0.19668072 0.11302822 0.19289024 0.14763652 0.25068879 0.25491396 0.25518543 0.25707002 0.25890783 0.26119941 0.29775777 0.21322466 0.18911162 0.11302822 0.56517156 0.13876139 0.15449269 0.16559687 0.22191212 0.22689458 0.23231717 0.25815312 0.29202515 0.36964929 0.30298182 0.30298182 0.30298182 0.42290999 0.62839231 0.35396697 0.3246011 0.32174429 0.32114007 0.32436555 0.23004241 0.23343084 0.2373698 0.31945451 0.29035931 0.29053241 0.29169744 0.29316634 0.41970989 0.37908936 0.37992808 0.38046576 0.40725988
-9999 -9999 -9999 -9999 -9999 -9999 -9999 -9999 -9999 -9999 -9999 -9999 -9999 -9999 0.28462882 0.21174964 0.16478575 0.0981476 0.16119875 0.13573832 0.24401352 0.2489281 0.2489281 0.25126622 0.25297186 0.25599986 0.29227741 0.20280851 0.15614661 0.05780087 0.53995822 0.10491137 0.12537658 0.15206253 0.21174964 0.21882697 0.22360429 0.26670592 0.28831917 0.35173678 0.29980552 0.29980552 0.29980552 0.46823118 0.62794696 0.32453701 0.32225697 0.31764574 0.31867815 0.30950696 0.22104539 0.22568188 0.22926836 0.34863083 0.28656316 0.28692332 0.28797273 0.32152144 0.41887134 0.37809002 0.37884075 0.37953457 0.40641543 0.35274469
-9999 -9999 -9999 -9999 -9999 -9999 -9999 -9999 -9999 -9999 -9999 -9999 -9999 0.26930166 0.1999452 0.21174964 0.17878086 0.09949543 0.06886247 0.2380562 0.24305618 0.24337529 0.24558744 0.24773537 0.25040008 0.28792339 0.19064364 0.22781429 0.20946455 0.49999609 0.03781986 0.0877724 0.11302822 0.2022572 0.20871526 0.21560735 0.24600167 0.28514001 0.36614237 0.29709946 0.29709946 0.29709946 0.41922056 0.62764456 0.35039689 0.32026553 0.31723168 0.31659865 0.32002683 0.21273298 0.2170067 0.22191212 0.31000941 0.28330616 0.28349746 0.28477985 0.28639357 0.41813394 0.37707677 0.37793888 0.3784914 0.40568193 0.3687566 0.35001169
-9999 -9999 -9999 -9999 -9999 -9999 -9999 -9999 -9999 -9999 -9999 -9999 0.17358021 0.18862189 0.1999452 0.21125796 0.21560735 0.02810918 0.23004241 0.23595661 0.23595661 0.23874261 0.24076437 0.24433263 0.28072398 0.17602946 0.21653167 0.18242416 0.19680174 0.48639469 0.00630331 0.07409469 0.18862189 0.19818451 0.20446242 0.25577237 0.2810556 0.34754448 0.29364921 0.29364921 0.29364921 0.46555376 0.62718362 0.32018015 0.31777468 0.31287338 0.3139753 0.30299787 0.201119 0.20715591 0.21174964 0.34122908 0.27911187 0.27951161 0.28067269 0.31527538 0.41727226 0.3760492 0.37682118 0.37753443 0.40481584 0.34983495 0.34836434 0.35030743
-9999 -9999 -9999 -9999 -9999 -9999 -9999 -9999 -9999 -9999 -9999 -9999 0.17184676 0.18862189 0.1999452 0.20663612 0.21273298 0.2227582 0.22888133 0.22926836 0.23194594 0.23452996 0.237713 0.27470303 0.15770596 0.20478178 0.17377384 0.18329989 0.16272251 0.3905266 0.00630331 0.1752382 0.18441646 0.1938737 0.23101934 0.2775344 0.36234566 0.29069927 0.29069927 0.29069927 0.41520991 0.62687043 0.34661561 0.31565359 0.31241923 0.31175473 0.31541281 0.18996972 0.19575591 0.2022572 0.29823404 0.27549485 0.27570861 0.27713466 0.2789249 0.41651404 0.37500691 0.37589375 0.37646197 0.40406299 0.36613366 0.34698937 0.34859137 0.35376949
-9999 -9999 -9999 -9999 -9999 -9999 -9999 -9999 -9999 -9999 -9999 -9999 0.17184676 0.18794797 0.1938737 0.20335981 0.21273298 0.22015802 0.22015802 0.22360429 0.22608611 0.23042944 0.26337191 0.13315416 0.18734418 0.14071228 0.16257282 0.24606249 0.33172082 0.13455597 0.15449269 0.16924657 0.17840324 0.24237199 0.27298546 0.3429893 0.28692332 0.28692332 0.28692332 0.46265169 0.62639267 0.31554176 0.31299632 0.30776583 0.30894728 0.295164 0.17358021 0.18223279 0.18862189 0.33195464 0.27080904 0.27125814 0.27255749 0.3083549 0.41562787 0.37394947 0.37474393 0.37547774 0.40317406 0.34680387 0.34527128 0.34729764 0.35220753 0.37913891
-9999 -9999 -9999 -9999 -9999 -9999 -9999 -9999 -9999 -9999 -9999 -9999 0.17184676 0.18150491 0.18996972 0.20335981 0.21125796 0.21174964 0.2151409 0.21838328 0.22233516 0.25182839 0.09562073 0.16648081 0.11380055 0.13692557 0.10694058 0.29150049 0.09300462 0.13175235 0.14763652 0.16272251 0.21124913 0.26903971 0.35820053 0.28368117 0.28368117 0.28368117 0.41081622 0.62606782 0.34259586 0.31072741 0.30726405 0.30656511 0.31048616 0.15663487 0.16559687 0.1752382 0.28252691 0.26674247 0.26698466 0.26859062 0.27060073 0.41484759 0.37287644 0.37378947 0.37437429 0.40240079 0.3634026 0.34383603 0.34550817 0.35089168 0.37613586 0.29487094
-9999 -9999 -9999 -9999 -9999 -9999 -9999 -9999 -9999 -9999 -9999 -9999 0.16272251 0.17682072 0.18996972 0.1999452 0.1999452 0.20446242 0.20767569 0.21322466 0.29525882 0.01260662 0.10509981 0.02810918 0.07593675 0.15651317 0.28150987 0.01890993 0.0877724 0.12040262 0.13735958 0.22461206 0.26390694 0.33799755 0.27951161 0.27951161 0.27951161 0.45948114 0.62557186 0.31058238 0.30787973 0.30227242 0.30354578 0.28442496 0.12869256 0.14399361 0.15449269 0.31932667 0.26143453 0.26194689 0.26342191 0.30059578 0.41393545 0.37178734 0.37260563 0.3733612 0.40148772 0.34364087 0.34204085 0.34415794 0.34926578 0.37712771 0.29072023 0.26414945
-9999 -9999 -9999 -9999 -9999 -9999 -9999 -9999 -9999 -9999 -9999 0.14277931 0.15663487 0.17682072 0.18794797 0.18862189 0.19324629 0.19759761 0.20280851 0.20871526 0.26792655 0.0544849 0.21927065 0.21927065 0.53997548 0.50535222 0.10598246 0.00630331 0.06886247 0.10694058 0.18126708 0.25942019 0.353628 0.27591297 0.27591297 0.27591297 0.40595796 0.62523437 0.33830464 0.30544074 0.30171332 0.30097664 0.30520141 0.09300462 0.11302822 0.13175235 0.25870292 0.25679068 0.25707002 0.25890783 0.26119941 0.41313177 0.37068169 0.3716225 0.37222494 0.40069283 0.36055394 0.34053978 0.34228849 0.34789445 0.3740329 0.28691443 0.25916401 0.26194689
-9999 -9999 -9999 -9999 -9999 -9999 -9999 -9999 -9999 -9999 -9999 0.13455597 0.15663487 0.17184676 0.17184676 0.17840324 0.18296068 0.19064364 0.19638331 0.20280851 0.20767569 0.20871526 0.20871526 0.60919375 0.23524328 0.3055263 0.10491137 0.03151655 0.03151655 0.19596225 0.25353152 0.33247032 0.27125814 0.27125814 0.27125814 0.4559837 0.62471864 0.30525347 0.30237303 0.29633004 0.29771082 0.26502097 0 0.05780087 0.0877724 0.29866914 0.25066986 0.25126622 0.25297186 0.29176539 0.41219205 0.36955897 0.37040256 0.37118125 0.39975421 0.34033393 0.33866027 0.3408766 0.34619912 0.37505933 0.28216771 0.25381135 0.25627134 0.30060315
-9999 -9999 -9999 -9999 -9999 -9999 -9999 -9999 -9999 -9999 -9999 0.13455597 0.1534216 0.15449269 0.16176438 0.16837985 0.17602946 0.18441646 0.19064364 0.19759761 0.19877141 0.19877141 0.5021427 0.2284943 0.22926836 0.29522104 0.08254018 0.03151655 0.10539556 0.24833174 0.34851802 0.2672149 0.2672149 0.2672149 0.40052438 0.62436741 0.33370141 0.2997362 0.29570089 0.29492286 0.29950236 0.01260662 0.06148807 0.00630331 0.20639473 0.2452575 0.24558744 0.24773537 0.25040008 0.41136347 0.36841866 0.36938899 0.37001014 0.39893641 0.35757693 0.33708707 0.33891969 0.3447674 0.37186693 0.27776195 0.24803356 0.25126622 0.25381135 0.38939988
-9999 -9999 -9999 -9999 -9999 -9999 -9999 -9999 -9999 -9999 0.09300462 0.12537658 0.12537658 0.13735958 0.14520791 0.15770596 0.166555 0.17602946 0.18296068 0.18441646 0.18441646 0.59873792 0.21927065 0.22015802 0.24710471 0.27943738 0.03781986 0.15051907 0.2414258 0.32627035 0.26194689 0.26194689 0.26194689 0.45207901 0.62383013 0.29949441 0.29641129 0.28985872 0.29136672 0.29694663 0.31759636 0.35942412 0.35605041 0.36531656 0.23802928 0.23874261 0.24076437 0.28151843 0.41039439 0.36726018 0.36813069 0.36893394 0.39797068 0.33686931 0.33511491 0.33744023 0.34299638 0.37293041 0.27220692 0.24175652 0.24465174 0.29086086 0.38762632 0.17602946
-9999 -9999 -9999 -9999 -9999 -9999 -9999 -9999 -9999 -9999 0.08515629 0.0877724 0.10491137 0.11874463 0.13315416 0.14763652 0.15770596 0.16837985 0.1701133 0.1701133 0.48558562 0.21076629 0.21174964 0.24019445 0.24365737 0.25428559 0.08781498 0.23524328 0.34271033 0.25733363 0.25733363 0.25733363 0.39435972 0.62346388 0.32873557 0.29354143 0.28914244 0.28831917 0.29331849 0.29616936 0.2983146 0.23004241 0.23115609 0.23154311 0.23194594 0.23452996 0.237713 0.4095393 0.36608296 0.36708474 0.36772579 0.39712855 0.35445924 0.33346228 0.33538727 0.34149866 0.36963402 0.26696597 0.23488662 0.23874261 0.24175652 0.38603091 0.17757401 0.16837985
-9999 -9999 -9999 -9999 -9999 -9999 -9999 -9999 -9999 -9999 0 0.03151655 0.06148807 0.09562073 0.11505743 0.13315416 0.14520791 0.14763652 0.14763652 0.58390691 0.19877141 0.1999452 0.23106021 0.22360429 0.22360429 0.22568188 0.22689458 0.31919933 0.25126622 0.25126622 0.25126622 0.44765196 0.62290304 0.293228 0.28991176 0.28275501 0.28441605 0.29053241 0.29267477 0.2853988 0.22104539 0.22187083 0.22271692 0.22360429 0.22608611 0.26930985 0.40853891 0.36488638 0.36578558 0.366615 0.39613403 0.33323119 0.33138786 0.33383346 0.33964482 0.37073731 0.26025035 0.22729881 0.23081646 0.27935825 0.38414438 0.13315416 0.14520791 0.15770596
-9999 -9999 -9999 -9999 -9999 -9999 -9999 -9999 -9999 -9999 0.07409469 0.04257814 0.01260662 0.06886247 0.09562073 0.11874463 0.12206061 0.12206061 0.45924632 0.18727405 0.18862189 0.22189592 0.22843852 0.21560735 0.2170067 0.21927065 0.33595747 0.24589573 0.24589573 0.24589573 0.38723487 0.62252033 0.32334274 0.28676327 0.28192803 0.2810556 0.28655953 0.2896825 0.29202515 0.21273298 0.21413233 0.214624 0.2151409 0.21838328 0.22233516 0.40765551 0.36366979 0.36470511 0.36536738 0.39526603 0.35118666 0.32964736 0.33167454 0.33807468 0.36732989 0.25376506 0.21882697 0.22360429 0.22729881 0.3824438 0.12227628 0.11874463 0.13315416 0.1306088
-9999 -9999 -9999 -9999 -9999 -9999 -9999 -9999 -9999 0.0877724 0.55849926 0.12486422 0.11597297 0.01260662 0.06148807 0.06886247 0.06886247 0.5577656 0.1701133 0.17184676 0.20920614 0.20446242 0.20446242 0.20715591 0.20871526 0.31095508 0.23874261 0.23874261 0.23874261 0.44252912 0.62193359 0.28635369 0.28276662 0.27488176 0.27673042 0.28349746 0.28585333 0.27701388 0.201119 0.20218602 0.20328863 0.20446242 0.20767569 0.25420313 0.40662166 0.3624325 0.36336235 0.3642197 0.39424086 0.32940127 0.3274595 0.3300385 0.33612982 0.36847603 0.24523809 0.20923504 0.21371633 0.26531412 0.38042879 0.01260662 0.06148807 0.09562073 0.08552751 0.10491137
-9999 -9999 -9999 -9999 -9999 -9999 -9999 -9999 -9999 0.0877724 0.12537658 0.46708806 0.1497787 0.12470867 0 0 0.38758009 0.15235051 0.15449269 0.19543807 0.20874885 0.1938737 0.19575591 0.19877141 0.32784444 0.23231717 0.23231717 0.23231717 0.3787926 0.62153275 0.3174391 0.27927894 0.27391054 0.27298546 0.27910738 0.28255992 0.28514001 0.18996972 0.19185194 0.19252586 0.19324629 0.19759761 0.20280851 0.40570797 0.36117381 0.362245 0.36292994 0.39334527 0.34774273 0.32562126 0.32776208 0.33447983 0.36494977 0.23669699 0.19818451 0.20446242 0.20923504 0.37860809 0.03863477 0.05149756 0.01260662 0.01998102 0.03781986 0.08254018
-9999 -9999 -9999 -9999 -9999 -9999 -9999 -9999 -9999 0.13702508 0.17835634 0.21312672 0.60437686 0.47966709 0.47679376 0.66277519 0.12206061 0.12537658 0.17413768 0.17840324 0.17840324 0.18223279 0.18441646 0.30104341 0.22360429 0.22360429 0.22360429 0.43643054 0.6209174 0.27873696 0.27483159 0.26605177 0.26813583 0.27570861 0.27832528 0.26698245 0.17358021 0.17508726 0.17666978 0.17840324 0.18296068 0.23437272 0.40463828 0.35989295 0.36085562 0.36174283 0.3922874 0.32535814 0.32330683 0.32603463 0.33243446 0.36614221 0.22493631 0.18514435 0.19131756 0.24727407 0.37644564 0.00630331 0.05780087 0.09300462 0.11302822 0.05411367 0.05518476 0.03781986
-9999 -9999 -9999 -9999 -9999 -9999 -9999 -9999 0.01260662 0.06886247 0.09562073 0.11874463 0.13315416 0.07689831 0.06148807 0.08254018 0.0877724 0.1453189 0.18067431 0.16272251 0.16559687 0.1701133 0.31758005 0.21560735 0.21560735 0.21560735 0.36842961 0.62049649 0.31091231 0.27092178 0.26488661 0.26390694 0.27080336 0.27466331 0.2775344 0.15663487 0.15950924 0.16058033 0.16176438 0.16837985 0.17602946 0.4036921 0.35858914 0.35969878 0.360408 0.39136235 0.34410819 0.32135921 0.32362717 0.33069601 0.36248845 0.21233535 0.16924657 0.17840324 0.18514435 0.37448643 0.03796085 0.05780087 0.0877724 0.11302822 0.12869256 0.13628849 0.10694058 0.04888145
-9999 -9999 -9999 -9999 -9999 -9999 -9999 -9999 0.10491137 0.01260662 0.06148807 0.09300462 0.02521324 0.01890993 0.01890993 0 0.11427346 0.13735958 0.13735958 0.14399361 0.14763652 0.28857024 0.20446242 0.20446242 0.20446242 0.42885876 0.61984941 0.27019156 0.26590722 0.25599986 0.25838805 0.26698466 0.26992708 0.25363184 0.12869256 0.13123999 0.13404361 0.13735958 0.14520791 0.20542642 0.40258393 0.35726153 0.35825941 0.35917866 0.39026951 0.32107663 0.31890267 0.32179748 0.32853905 0.36373102 0.19309929 0.14885082 0.15877705 0.22200961 0.37215307 0.00630331 0.05780087 0.09300462 0.11302822 0.13175235 0.14399361 0.15663487 0.16559687 0.08301806
-9999 -9999 -9999 -9999 -9999 -9999 -9999 -9999 0.12206061 0.12106577 0.01260662 0.03151655 0.09717601 0.14748952 0.16264156 0.17281572 0.10694058 0.10694058 0.11302822 0.12206061 0.30324657 0.1938737 0.1938737 0.1938737 0.35500063 0.61940616 0.30360643 0.26145722 0.2545635 0.25353152 0.2614271 0.26580359 0.26903971 0.09300462 0.09909226 0.10170837 0.10491137 0.11874463 0.13315416 0.40160282 0.35590925 0.35706019 0.35779549 0.38931293 0.34026035 0.31683183 0.31924299 0.32670199 0.35994012 0.16855575 0.12040262 0.13735958 0.14885082 0.3700324 0.29816429 0.33258611 0.34913331 0.36164041 0.37049479 0.39150805 0.41868356 0.42782227 0.42977595 0.42273258
-9999 -9999 -9999 -9999 -9999 -9999 -9999 -9999 0.13876139 0.15235051 0.16176438 0.04888145 0.01890993 0.03151655 0.03151655 0.03151655 0.03151655 0.05780087 0.06886247 0.27164312 0.17840324 0.17840324 0.17840324 0.41878919 0.61872364 0.26044828 0.25570614 0.24433263 0.2471289 0.25707002 0.26043087 0.23107014 0 0.01890993 0.03151655 0.03151655 0.06148807 0.15068897 0.40045321 0.35453135 0.35556712 0.3565208 0.38818262 0.31652681 0.31421458 0.31729821 0.32442041 0.36123718 0.1094243 0.07254967 0.09823684 0.17945521 0.36749854 0.29508101 0.29679117 0.29936191 0.30097664 0.30410329 0.31930497 0.35924339 0.36085562 0.35497414 0.36902642 0.36397516
-9999 -9999 -9999 -9999 -9999 -9999 -9999 -9999 0.15006512 0.16176438 0.1701133 0.16920399 0.08578577 0.03151655 0.03151655 0.25933791 0.26255644 0.26616712 0.27440206 0.16272251 0.16272251 0.16272251 0.33587666 0.61825537 0.29529457 0.25053943 0.24249716 0.2414258 0.25065975 0.25571265 0.25942019 0.01260662 0.06148807 0.03781986 0.03889095 0.04257814 0.01260662 0.39943444 0.35312685 0.3543223 0.35508565 0.38719219 0.33617215 0.31200389 0.31457754 0.32247278 0.35729831 0.09026177 0.03151655 0.03151655 0.07254967 0.36518722 0.2918613 0.29396552 0.29633004 0.2983146 0.30097664 0.31711863 0.35772887 0.35969878 0.35626654 0.36799694 0.36255622 0.36457587
-9999 -9999 -9999 -9999 -9999 -9999 -9999 -9999 0.20351568 0.24019072 0.26155303 0.28389508 0.29978596 0.30655287 0.30693101 0.13735958 0.13735958 0.13735958 0.13735958 0.13735958 0.13735958 0.40348427 0.61753303 0.24909518 0.24379148 0.23042944 0.23380207 0.24558744 0.24950553 0.22201497 0.01260662 0.06886247 0.09562073 0.11874463 0.10859857 0.1715732 0.39789489 0.3516947 0.35277134 0.35376213 0.38602161 0.31167269 0.30920341 0.31250221 0.32005109 0.3586548 0.237297 0.2064705 0.23787823 0.24247941 0.36241488 0.28849239 0.29036243 0.29316634 0.29492286 0.2983146 0.31442934 0.35658791 0.35825941 0.3521478 0.36667436 0.36148979 0.36323115 0.36625955
-9999 -9999 -9999 -9999 -9999 -9999 -9999 0.06281742 0.03781986 0.08254018 0.10491137 0.12537658 0.12843638 0.11468621 0.10694058 0.10694058 0.10694058 0.10694058 0.10694058 0.10694058 0.30219136 0.61703655 0.28562514 0.23762611 0.22796455 0.22689458 0.23801472 0.24399188 0.24833174 0.19308067 0.2425267 0.27801239 0.30160059 0.32180324 0.36520363 0.39683497 0.35023379 0.35147732 0.35227095 0.38499476 0.33181105 0.30683259 0.30959224 0.31797856 0.35455583 0.35852348 0.35930904 0.36580052 0.36260529 0.35034018 0.28495993 0.28726976 0.28985872 0.29202515 0.29492286 0.31207637 0.35501649 0.35706019 0.35349031 0.36561036 0.36002103 0.36211102 0.36482596 0.39627961
-9999 -9999 -9999 -9999 -9999 -9999 -9999 0.18727405 0.11584322 0.03781986 0.07623687 0.07516578 0.04888145 0.03151655 0.03151655 0.03151655 0.03151655 0.03151655 0.03151655 0.36866943 0.61626913 0.23545018 0.22944867 0.21322466 0.21747315 0.23194594 0.23664301 0.2414258 0.24009045 0.23698511 0.23380207 0.24991235 0.2452575 0.38919975 0.34584056 0.34874294 0.34986382 0.35089473 0.38378079 0.30647054 0.30382131 0.30736756 0.31539815 0.35597737 0.35706019 0.35812714 0.36447619 0.38266774 0.34726802 0.28124706 0.28330995 0.28639357 0.28831917 0.29202515 0.30917721 0.35383182 0.35556712 0.34920659 0.36424109 0.35891649 0.36071953 0.36385228 0.39518494 0.38007789
-9999 -9999 -9999 -9999 -9999 -9999 -9999 0.1916579 0.19877141 0.07387902 0.00630331 0.01260662 0.01890993 0.03151655 0.03151655 0.03151655 0.03151655 0.17375814 0.38814419 0.61574059 0.27400152 0.22179039 0.20966312 0.20871526 0.22269415 0.23001081 0.23524328 0.23377294 0.23115733 0.22689458 0.24551387 0.23941653 0.34089352 0.34441835 0.3472209 0.34851654 0.34934295 0.38271463 0.32713739 0.30126535 0.30423997 0.31318338 0.35170457 0.35584113 0.35665602 0.36335936 0.36005969 0.3444416 0.27733453 0.27989452 0.28275501 0.28514001 0.28831917 0.30662903 0.35219906 0.3543223 0.35060325 0.36314009 0.35739428 0.3595597 0.36237 0.39436908 0.36237978 0.32394628
-9999 -9999 -9999 -9999 -9999 -9999 -9999 0.214624 0.20862998 0.21076629 0.14978367 0.07409469 0.12069075 0.17340961 0.48112198 0.30749054 0.30575474 0.30669984 0.61492173 0.21824386 0.21137803 0.19064364 0.19638331 0.2151409 0.22100411 0.22689458 0.22525884 0.22142503 0.21747315 0.2370246 0.23154311 0.3836211 0.34263295 0.34566633 0.34683524 0.34790964 0.38145379 0.30086643 0.29800892 0.30184278 0.31042165 0.35319762 0.3543223 0.35542985 0.361989 0.3803001 0.34101355 0.27319944 0.27549955 0.2789249 0.2810556 0.28514001 0.30348263 0.35096719 0.35277134 0.34614074 0.36172061 0.35624883 0.35811806 0.36136261 0.39323358 0.37706754 0.32157703 0.32352207
