inst/extdata/rambla11_cr10_dist_t1.asc
ncols 114
nrows 113
xllcorner 688075
yllcorner 4173950
cellsize 25.000000
NODATA_value -9999
[rows 56 to 83 of 113, columns 0 to 63 of 114]
-9999 -9999 -9999 -9999 -9999 -9999 -9999 -9999 -9999 -9999 -9999 -9999 -9999 -9999 -9999 -9999 0.37296751 0.36606312 0.35915873 0.35225442 0.34590205 0.34013255 0.33423494 0.32767885 0.32173084 0.31642519 0.31026152 0.30475629 0.29994575 0.29223104 0.28353443 0.27501372 0.26575431 0.25634653 0.24700513 0.23685378 0.22729884 0.2184186 0.20884227 0.19961906 0.18848681 0.1760595 0.16414477 0.15286245 0.14236304 0.13283229 0.12449286 0.1175985 0.10966684 0.09697421 0.08429385 0.07109773 0.05900166 0.04804249 0.03718791 0.02656646 0.01977469 0.0131025 0.00308829 0 0.00690562 0.01953205 0.03452811 0.04979715
-9999 -9999 -9999 -9999 -9999 -9999 -9999 -9999 -9999 -9999 -9999 -9999 -9999 0.38081233 0.37315925 0.36599798 0.35909234 0.35218671 0.34528108 0.33837548 0.33175745 0.32573751 0.32034941 0.31362473 0.30740491 0.30184756 0.29602494 0.29024978 0.28519465 0.27980979 0.27071445 0.26221365 0.25354073 0.24405294 0.23479115 0.22519105 0.21511871 0.20571336 0.19697372 0.18716656 0.17815968 0.16702471 0.1544144 0.14236304 0.13102496 0.12060149 0.1113498 0.10358432 0.09766024 0.08848902 0.07539472 0.06336637 0.04979715 0.03718791 0.02620499 0.01544144 0.00617658 0 0.0043675 0.01113498 0.02183749 0.02847261 0.04026635 0.05393463
-9999 -9999 -9999 -9999 -9999 -9999 -9999 -9999 -9999 -9999 -9999 -9999 -9999 0.36762306 0.35968945 0.35225442 0.34535014 0.33844594 0.33154178 0.32463769 0.31773368 0.3114428 0.3058029 0.29970717 0.29319225 0.28736018 0.28191521 0.27584479 0.27052064 0.26570047 0.25818163 0.24925374 0.24090625 0.23213573 0.22237818 0.21329318 0.20338199 0.19340673 0.18418731 0.1751906 0.16553339 0.15680477 0.14567426 0.13283229 0.12060149 0.10918747 0.09887346 0.0900383 0.0831547 0.07873621 0.06773145 0.05402298 0.04154867 0.02929807 0.01544144 0.0043675 0.00308829 0.008735 0.01544144 0.02546668 0.03282895 0.04143373 0.05027369 0.06176576
-9999 -9999 -9999 -9999 -9999 -9999 -9999 -9999 -9999 -9999 -9999 -9999 0.3633171 0.35461561 0.34638422 0.3386572 0.33146985 0.32456421 0.31765858 0.31075298 0.30384737 0.29726276 0.29134851 0.28594614 0.27911017 0.2729774 0.26759619 0.26155812 0.25593693 0.25114066 0.24597976 0.23659189 0.22786461 0.21935542 0.2103666 0.20073872 0.19187194 0.18157978 0.17172659 0.16274429 0.15342297 0.14396193 0.1354629 0.12449286 0.1113498 0.09887346 0.08734997 0.0772072 0.06905622 0.06366669 0.0582697 0.0459107 0.03326188 0.01977469 0.008735 0 0.0131025 0.02248308 0.02929807 0.03718791 0.04559802 0.05463739 0.06253307 0.07209681
-9999 -9999 -9999 -9999 -9999 -9999 -9999 -9999 -9999 -9999 -9999 -9999 0.35034037 0.34181082 0.33326333 0.32522473 0.31773368 0.3108297 0.30392584 0.29702201 0.29011832 0.28321471 0.27700066 0.27152356 0.26517947 0.25871671 0.25303238 0.24741023 0.24145988 0.23637007 0.23145684 0.2242786 0.21505219 0.20656929 0.19786746 0.18861325 0.17914732 0.17033245 0.1597872 0.15009206 0.14142201 0.13167846 0.12248479 0.11363892 0.10265945 0.0900383 0.0772072 0.06551248 0.0556749 0.04883012 0.04421756 0.03731593 0.0241203 0.0131025 0 0.008735 0.01977469 0.03326188 0.04290387 0.04979715 0.05900166 0.06680989 0.07596184 0.08401052
-9999 -9999 -9999 -9999 -9999 -9999 -9999 -9999 -9999 -9999 -9999 -9999 0.33700566 0.32900054 0.32034941 0.31197823 0.3041611 0.29694175 0.29003612 0.28313049 0.27622487 0.26931926 0.26277683 0.25699677 0.25142534 0.24459942 0.23857899 0.23342635 0.22710995 0.2216909 0.21688492 0.21147444 0.20260677 0.19357926 0.18529728 0.17646533 0.16688189 0.15762375 0.14849495 0.13800881 0.12852623 0.12012607 0.1099708 0.10116206 0.0918214 0.08082823 0.06905622 0.0556749 0.04367499 0.03452811 0.03088288 0.0241203 0.01746999 0.00308829 0.0043675 0.01544144 0.02929807 0.04154867 0.05402298 0.06366669 0.07109773 0.08011712 0.08832719 0.09692502
-9999 -9999 -9999 -9999 -9999 -9999 -9999 -9999 -9999 -9999 -9999 0.33057665 0.32320966 0.3160633 0.3076685 0.29894245 0.29077506 0.28321471 0.27631118 0.26940777 0.26250448 0.25560129 0.24869826 0.242583 0.23731638 0.23065191 0.22425734 0.21876766 0.21291276 0.20712262 0.20234769 0.19731235 0.19060017 0.18097473 0.17219803 0.1637084 0.15518455 0.14518238 0.13620015 0.12665746 0.11625261 0.10707055 0.09829298 0.08832719 0.08011712 0.07001633 0.05900166 0.04804249 0.03452811 0.02183749 0.01544144 0.00976602 0.00308829 0 0.01113498 0.02546668 0.03718791 0.04979715 0.06336637 0.07539472 0.08429385 0.09264864 0.10116206 0.1099708
-9999 -9999 -9999 -9999 -9999 -9999 -9999 -9999 -9999 -9999 -9999 0.31725302 0.30956911 0.30247884 0.29466865 0.28614617 0.27760256 0.26967314 0.26241362 0.25550799 0.24860238 0.24169678 0.23479115 0.22830365 0.22269961 0.2169069 0.2100944 0.20422435 0.19890109 0.19269036 0.18754835 0.18262726 0.17697803 0.1688421 0.15939875 0.15094748 0.14219545 0.13336971 0.12353152 0.11493245 0.10481997 0.0945339 0.08580773 0.07646242 0.06680989 0.05900166 0.0482406 0.03718791 0.02620499 0.01544144 0 0 0.0043675 0.01113498 0.02183749 0.03282895 0.04559802 0.05900166 0.07109773 0.08429385 0.09697421 0.10540974 0.11430839 0.12248479
-9999 -9999 -9999 -9999 -9999 -9999 -9999 -9999 -9999 -9999 -9999 0.30412973 0.29610546 0.28868473 0.28184752 0.27334402 0.26467546 0.25634653 0.24869826 0.2417954 0.23489269 0.22799011 0.22108777 0.21418563 0.20820194 0.20302998 0.19612453 0.18982299 0.18460111 0.17842716 0.1728614 0.16807779 0.16332927 0.15607316 0.14710757 0.13790512 0.12974485 0.12079905 0.11156373 0.10196029 0.09392661 0.08298248 0.07288621 0.06492754 0.05463739 0.04559802 0.03718791 0.02656646 0.01544144 0.0043675 0.00308829 0.01235315 0.01878532 0.02546668 0.03282895 0.04367499 0.05463739 0.06680989 0.08011712 0.09264864 0.10540974 0.11880881 0.12677037 0.13560363
-9999 -9999 -9999 -9999 -9999 -9999 -9999 -9999 -9999 -9999 -9999 0.29123391 0.28284401 0.27506575 0.26795235 0.26038865 0.25203156 0.24327006 0.23519699 0.22788553 0.2209799 0.21407428 0.20716865 0.20026303 0.19385005 0.18848681 0.18239209 0.17559843 0.16994006 0.16437701 0.15831807 0.1535783 0.14849495 0.14249696 0.1354629 0.12540883 0.1165394 0.10809008 0.09959429 0.08977309 0.0805327 0.07209681 0.06114498 0.05139935 0.04367499 0.03282895 0.02546668 0.01544144 0.00617658 0.00308829 0.0131025 0.0241203 0.03179587 0.03869614 0.04559802 0.05463739 0.06551248 0.07646242 0.08832719 0.10116206 0.11430839 0.12677037 0.13982818 0.14826998
-9999 -9999 -9999 -9999 -9999 -9999 -9999 -9999 -9999 -9999 -9999 0.27859713 0.26981458 0.26164926 0.25416067 0.24725598 0.23899835 0.23048645 0.22194887 0.21418563 0.20728371 0.20038207 0.1934807 0.18657962 0.17967891 0.17387911 0.16850283 0.16159746 0.15543019 0.15059956 0.14396193 0.13873254 0.1337981 0.12904461 0.12154679 0.11363892 0.1037683 0.09538761 0.08652719 0.07873621 0.06801248 0.0594044 0.05027369 0.03930749 0.03041611 0.02183749 0.01113498 0.0043675 0.00308829 0.01381124 0.0241203 0.03493999 0.0459107 0.05277269 0.05964475 0.06680989 0.07646242 0.08734997 0.09829298 0.1099708 0.12248479 0.13560363 0.14826998 0.1610654
-9999 -9999 -9999 -9999 -9999 -9999 -9999 -9999 -9999 -9999 0.27601762 0.26625628 0.25705245 0.24846807 0.24056951 0.23342635 0.22618415 0.21769693 0.20900204 0.20073872 0.19335742 0.18645179 0.17954617 0.17264054 0.16573492 0.15942866 0.1544144 0.14788354 0.1411182 0.13577935 0.12985507 0.12403235 0.1192895 0.11460004 0.10804595 0.10097331 0.0918214 0.08223201 0.07437582 0.0651475 0.05694522 0.04632432 0.0390641 0.02847261 0.01746999 0.01113498 0 0.00308829 0.0131025 0.0241203 0.0352119 0.0459107 0.05677749 0.06630836 0.07321262 0.08011712 0.08832719 0.09829298 0.10918747 0.12012607 0.13167846 0.14396193 0.15680477 0.16985584
-9999 -9999 -9999 -9999 -9999 -9999 -9999 -9999 -9999 -9999 0.26445916 0.25425447 0.24459942 0.23556169 0.22721489 0.21963788 0.21273351 0.20471414 0.1964161 0.18759919 0.17967891 0.17277861 0.16587873 0.15897935 0.15208055 0.14518238 0.13965756 0.13397618 0.12707095 0.12111445 0.11608841 0.10953631 0.10486545 0.09969002 0.09473547 0.0870218 0.08011712 0.07001633 0.06091056 0.05259165 0.04421756 0.0352119 0.02489857 0.01800766 0.00690562 0 0.00690562 0.01746999 0.0241203 0.03493999 0.0459107 0.05694522 0.06773145 0.07861498 0.08718604 0.0940788 0.10116206 0.1099708 0.12012607 0.13102496 0.14196051 0.15342297 0.16553339 0.17815968
-9999 -9999 -9999 -9999 -9999 -9999 -9999 -9999 -9999 0.26141223 0.25203156 0.24264198 0.23250522 0.22297782 0.2141411 0.20608394 0.19890109 0.19199615 0.18333093 0.17483638 0.1663094 0.15882929 0.15192368 0.14501806 0.13811244 0.13120681 0.12506613 0.12028475 0.11338686 0.10666895 0.1018667 0.09533761 0.08993231 0.08497003 0.08029549 0.07366716 0.06652376 0.05900166 0.0482406 0.04014774 0.03088288 0.0241203 0.01381124 0.00617658 0.00308829 0.01113498 0.01800766 0.02847261 0.03731593 0.0459107 0.05677749 0.06773145 0.07873621 0.08956035 0.10045248 0.10773656 0.11464165 0.12248479 0.13167846 0.14196051 0.15286245 0.16379577 0.1751906 0.18716656
-9999 -9999 -9999 -9999 -9999 -9999 -9999 -9999 -9999 0.24955966 0.23971561 0.23048645 0.22082878 0.21077424 0.20140278 0.19281407 0.18511704 0.17821322 0.17052831 0.16206892 0.15332969 0.14518238 0.13828496 0.13138842 0.12449286 0.1175985 0.11070554 0.1056357 0.09945054 0.09254564 0.08696697 0.08159161 0.07520473 0.0705591 0.06602005 0.06067523 0.0525009 0.04559802 0.03718791 0.02656646 0.01977469 0.00976602 0.00308829 0.00617658 0.01113498 0.02226996 0.03224267 0.03954938 0.05027369 0.0582697 0.06773145 0.07861498 0.08956035 0.10054737 0.11139263 0.12166444 0.12856332 0.13560363 0.14396193 0.15342297 0.16379577 0.17469995 0.18563154 0.19697372
-9999 -9999 -9999 -9999 -9999 -9999 -9999 -9999 -9999 0.23811882 0.22778086 0.21804712 0.20900204 0.19902093 0.1890678 0.17989112 0.17161547 0.16437701 0.15747241 0.14903988 0.14084761 0.13193172 0.12430119 0.11739557 0.11048995 0.10358432 0.09667871 0.09082928 0.08580773 0.07891769 0.07229497 0.06773145 0.06083222 0.05635597 0.05093335 0.0459107 0.03954938 0.03224267 0.02546668 0.01544144 0.00617658 0 0.0043675 0.01544144 0.0235197 0.03282895 0.04389282 0.0525009 0.06130077 0.07183175 0.07969937 0.08956035 0.10045248 0.11139263 0.12236794 0.13322661 0.14226251 0.14916783 0.15680477 0.16553339 0.1751906 0.18563154 0.19653745 0.20746768
-9999 -9999 -9999 -9999 -9999 -9999 -9999 -9999 -9999 0.22715193 0.21629043 0.2060145 0.1964161 0.18759919 0.17722038 0.16739546 0.15846861 0.15059956 0.14369668 0.1365149 0.12766999 0.11920952 0.11070554 0.10381426 0.09692502 0.0900383 0.0831547 0.07627509 0.07183175 0.06492754 0.05802366 0.05331212 0.04714067 0.0412029 0.03614748 0.03179587 0.02779459 0.01800766 0.01113498 0.0043675 0.00308829 0.008735 0.01878532 0.02620499 0.03718791 0.04453992 0.05463739 0.0656579 0.07366716 0.08309733 0.0927001 0.10130339 0.11139263 0.12228996 0.13322661 0.14419362 0.15506158 0.16306628 0.1700803 0.17815968 0.18716656 0.19697372 0.20746768 0.21837495
-9999 -9999 -9999 -9999 -9999 -9999 -9999 -9999 -9999 0.21620221 0.2053189 0.19446409 0.18426497 0.17483638 0.16596496 0.15543019 0.14577242 0.13717701 0.12985507 0.1229511 0.11489096 0.10648997 0.09766024 0.08977309 0.08286746 0.07596184 0.06905622 0.06215059 0.05694522 0.05139935 0.04453992 0.03820001 0.03326188 0.02638634 0.02226996 0.01852973 0.01235315 0.00690562 0 0.00308829 0.0131025 0.02248308 0.03057249 0.03869614 0.04804249 0.05802366 0.06609225 0.07646242 0.0870218 0.09513732 0.10491093 0.1139323 0.12298988 0.13322661 0.14412746 0.15506158 0.16602241 0.17678931 0.18369474 0.19119971 0.19961906 0.20884227 0.21876766 0.22930408
-9999 -9999 -9999 -9999 -9999 -9999 -9999 -9999 0.21620221 0.20527245 0.19436596 0.18348694 0.17264054 0.16253904 0.15332969 0.14412746 0.13365545 0.12422443 0.11608841 0.10918747 0.10228716 0.09336646 0.08541783 0.07627509 0.06940064 0.06253307 0.0556749 0.04883012 0.04200526 0.03731593 0.03041611 0.0235197 0.01977469 0.0131025 0.00926486 0.00308829 0 0 0.01113498 0.01746999 0.0241203 0.03493999 0.04290387 0.05240998 0.05996371 0.06987998 0.07891769 0.08778564 0.09829298 0.10804595 0.11674383 0.12673273 0.13535723 0.1447218 0.15506158 0.16596496 0.17689719 0.18785322 0.19757803 0.20457431 0.21246434 0.22115246 0.2305485 0.24056951
-9999 -9999 -9999 -9999 -9999 -9999 -9999 -9999 0.2053189 0.19436596 0.18343494 0.17253002 0.16165646 0.15082105 0.14084761 0.13193172 0.12228996 0.11190516 0.10279871 0.09533761 0.08843512 0.08106388 0.07203063 0.06366669 0.05524497 0.04833935 0.04143373 0.03452811 0.02762249 0.0241203 0.01746999 0.01113498 0.00617658 0 0.00308829 0.00690562 0.00976602 0.01544144 0.02183749 0.03041611 0.03731593 0.0459107 0.05677749 0.06426311 0.07321262 0.08153314 0.09171747 0.10021483 0.10953631 0.12012607 0.12933992 0.13842284 0.14830215 0.15689597 0.16648136 0.17689719 0.18780244 0.19873318 0.20968542 0.21822202 0.22563531 0.23383459 0.24274023 0.25227739
-9999 -9999 -9999 -9999 -9999 -9999 -9999 -9999 0.19436596 0.18348694 0.17253002 0.16159746 0.15069452 0.13982818 0.12900766 0.11920952 0.11070554 0.10045248 0.09019705 0.08159161 0.07469572 0.06780181 0.05932408 0.05112027 0.04200526 0.0352119 0.02847261 0.02183749 0.01544144 0.00926486 0.00308829 0 0.00617658 0.008735 0.01544144 0.01953205 0.02489857 0.03088288 0.03452811 0.04367499 0.05139935 0.0582697 0.06773145 0.07739228 0.08586329 0.09428134 0.10321538 0.11338686 0.12170362 0.13131581 0.14196051 0.15078943 0.16014492 0.16960297 0.17850732 0.18825896 0.19873318 0.20963994 0.22056951 0.23151864 0.23907816 0.2468313 0.25528395 0.26436899
-9999 -9999 -9999 -9999 -9999 -9999 -9999 -9999 0.18343494 0.17253002 0.16165646 0.15069452 0.13975996 0.12885972 0.11800332 0.10720407 0.09766024 0.08956035 0.07861498 0.06857112 0.06083222 0.05393463 0.0470394 0.03769736 0.03088288 0.02071687 0.01381124 0.00690562 0 0.00308829 0.0043675 0.01113498 0.01800766 0.02248308 0.02929807 0.03452811 0.04026635 0.04421756 0.04883012 0.0556749 0.06492754 0.07183175 0.07969937 0.08956035 0.09853526 0.10755936 0.11563567 0.12495169 0.13454448 0.1432979 0.15311182 0.16367926 0.17233644 0.18189466 0.19102503 0.20016777 0.21004899 0.22056951 0.23147742 0.24240601 0.25274953 0.26009545 0.26813027 0.27679401
-9999 -9999 -9999 -9999 -9999 -9999 -9999 0.18118541 0.17253002 0.16159746 0.15069452 0.13982818 0.12885972 0.11792246 0.10702599 0.09618419 0.08541783 0.07627509 0.06773145 0.05677749 0.04714067 0.04026635 0.03340494 0.02656646 0.01663094 0.00976602 0.00308829 0 0.00690562 0.01381124 0.01878532 0.02546668 0.03224267 0.03757065 0.04290387 0.04979715 0.05393463 0.05859614 0.06366669 0.06905622 0.0772072 0.08580773 0.0927001 0.10130339 0.11139263 0.11992742 0.12871161 0.13714225 0.14671805 0.15588973 0.16495622 0.17491819 0.18501397 0.19394842 0.20366317 0.21253167 0.22186292 0.23184796 0.24240601 0.25331492 0.2642427 0.27358814 0.28123776 0.28950949
-9999 -9999 -9999 -9999 -9999 -9999 -9999 0.16713887 0.16023423 0.15069452 0.13975996 0.12885972 0.11800332 0.10702599 0.09608497 0.08519422 0.07437582 0.06366669 0.05524497 0.0459107 0.03493999 0.02638634 0.01953205 0.01273334 0.00617658 0 0.00926486 0.01544144 0.02183749 0.02847261 0.03411125 0.03869614 0.04559802 0.0525009 0.05677749 0.06366669 0.06836217 0.07340777 0.07873621 0.0831547 0.0900383 0.09887346 0.10635555 0.1139323 0.12298988 0.13293994 0.14145572 0.14993312 0.15873921 0.16850283 0.17735487 0.18665628 0.19673147 0.20645384 0.21560585 0.22527574 0.23409956 0.24358351 0.25365355 0.2642427 0.27515242 0.28607952 0.29457152 0.30247884
-9999 -9999 -9999 -9999 -9999 -9999 -9999 0.1523625 0.14671805 0.13955509 0.12885972 0.11792246 0.10702599 0.09618419 0.08519422 0.07424747 0.06336637 0.05259165 0.04200526 0.0352119 0.0241203 0.0131025 0.00690562 0.00308829 0.00308829 0.01235315 0.01977469 0.02762249 0.03452811 0.04143373 0.04833935 0.05277269 0.05964475 0.06652376 0.07129866 0.07739228 0.0831547 0.08843512 0.09290564 0.09766024 0.10358432 0.1113498 0.12044323 0.12718349 0.13535723 0.1447218 0.15419806 0.16306628 0.17130954 0.18039409 0.19019943 0.19890109 0.20838508 0.21854957 0.22796922 0.23729631 0.24669604 0.25571322 0.26532331 0.2754642 0.28607952 0.2969899 0.30791641 0.31567078
-9999 -9999 -9999 -9999 -9999 -9999 -9999 0.13759354 0.13333395 0.12571267 0.11800332 0.10702599 0.09608497 0.08519422 0.07437582 0.06336637 0.05240998 0.04154867 0.03088288 0.02071687 0.01381124 0.00308829 0.00308829 0.00926486 0.01574724 0.0241203 0.03179587 0.04154867 0.04883012 0.0556749 0.06253307 0.06744923 0.07321262 0.08011712 0.08614054 0.09124833 0.09814732 0.10265945 0.10742626 0.11241538 0.1175985 0.12449286 0.13283229 0.14088145 0.14830215 0.15689597 0.16648136 0.17559843 0.18431673 0.19278934 0.20208826 0.21156465 0.22050463 0.23013445 0.24037119 0.24954057 0.25901146 0.26818362 0.27736196 0.28707791 0.2972788 0.30791641 0.31882739 0.32905852
-9999 -9999 -9999 -9999 -9999 -9999 -9999 0.12236794 0.11836648 0.11228804 0.1050472 0.09618419 0.08519422 0.07424747 0.06336637 0.05259165 0.04154867 0.03057249 0.01977469 0.00976602 0.00308829 0.00617658 0.01544144 0.02226996 0.02913485 0.03601532 0.0459107 0.05313292 0.06215059 0.06905622 0.07596184 0.0824058 0.08718604 0.0940788 0.10116206 0.10554537 0.11190516 0.11719228 0.12217293 0.12733337 0.13193172 0.13811244 0.14567426 0.1544144 0.16168596 0.16960297 0.17850732 0.18825896 0.19709473 0.20559742 0.21434142 0.22381033 0.23301742 0.24215013 0.25189906 0.2621227 0.27115449 0.2807456 0.28972356 0.29903815 0.30884424 0.31909653 0.32975338 0.34066489
-9999 -9999 -9999 -9999 -9999 -9999 0.1113498 0.10720407 0.10353828 0.09945054 0.09119605 0.08429385 0.07437582 0.06336637 0.05240998 0.04154867 0.03088288 0.01977469 0.008735 0 0.00926486 0.01544144 0.02656646 0.03614748 0.04301488 0.04989282 0.05744548 0.06630836 0.07475954 0.0831547 0.0900383 0.09692502 0.10158543 0.10773656 0.11464165 0.12012607 0.1257506 0.13193172 0.13707267 0.14169152 0.14649037 0.15208055 0.15897935 0.16702471 0.17540824 0.18273168 0.19102503 0.20016777 0.2098673 0.21865865 0.22698391 0.23594601 0.2455529 0.25453562 0.26382729 0.2736753 0.28361854 0.29280161 0.30236846 0.31130495 0.3207362 0.33061993 0.3409168 0.35159043
