inst/extdata/rambla22_cr10_dist_t1.asc
ncols 114
nrows 113
xllcorner 688075
yllcorner 4173950
cellsize 25.000000
NODATA_value -9999
[rows 28 to 55 of 113, columns 0 to 62 of 114]
-9999 -9999 -9999 -9999 -9999 -9999 -9999 -9999 -9999 -9999 -9999 -9999 -9999 -9999 -9999 -9999 -9999 -9999 -9999 0.79889812 0.78909101 0.77933611 0.76963531 0.75999083 0.75040466 0.74087928 0.73141689 0.72202014 0.71269137 0.70343359 0.69424938 0.68514183 0.67611403 0.66716916 0.65831065 0.649542 0.64086691 0.63228933 0.62381314 0.6154425 0.60716394 0.59892628 0.59080538 0.5828062 0.57493377 0.56719335 -9999 -9999 -9999 -9999 -9999 -9999 -9999 -9999 -9999 -9999 -9999 -9999 -9999 -9999 -9999 -9999 -9999
-9999 -9999 -9999 -9999 -9999 -9999 -9999 -9999 -9999 -9999 -9999 -9999 -9999 -9999 -9999 -9999 -9999 -9999 0.8025555 0.79262101 0.78273525 0.77290016 0.7631175 0.75338962 0.7437184 0.73410631 0.7245555 0.7150685 0.70564793 0.69629642 0.68701676 0.67781211 0.66868537 0.65963974 0.6506787 0.64180586 0.63302476 0.62433939 0.61575375 0.60727213 0.59889887 0.59062008 0.58238345 0.57426689 0.56627576 0.55841533 0.55069124 -9999 -9999 -9999 -9999 -9999 -9999 -9999 -9999 -9999 -9999 -9999 -9999 -9999 -9999 -9999 -9999
-9999 -9999 -9999 -9999 -9999 -9999 -9999 -9999 -9999 -9999 -9999 -9999 -9999 -9999 -9999 -9999 -9999 -9999 0.79647917 0.78646786 0.77650373 0.76658866 0.7567245 0.74691333 0.73715718 0.72745837 0.71781909 0.70824189 0.69872924 0.68928388 0.67990861 0.67060634 0.66138009 0.65223324 0.64316905 0.63419111 0.62530313 0.61650894 0.60781266 0.59921869 0.5907313 0.58235523 0.57407622 0.56584062 0.55772868 0.54974607 0.54189849 0.53419171 -9999 -9999 -9999 -9999 -9999 -9999 -9999 -9999 -9999 -9999 -9999 -9999 -9999 -9999 -9999
-9999 -9999 -9999 -9999 -9999 -9999 -9999 -9999 -9999 -9999 -9999 -9999 -9999 -9999 -9999 -9999 -9999 -9999 0.79052908 0.78044151 0.77039947 0.76040484 0.75045944 0.74056523 0.73072431 0.72093896 0.71121131 0.70154392 0.69193925 0.68239987 0.67292869 0.66352857 0.65420253 0.64495384 0.63578591 0.62670224 0.61770642 0.60880256 0.59999467 0.59128702 0.58268408 0.57419063 0.5658116 0.55753242 0.54929784 0.54119088 0.53321734 0.5253833 0.51769503 -9999 -9999 -9999 -9999 -9999 -9999 -9999 -9999 -9999 -9999 -9999 -9999 -9999 -9999
-9999 -9999 -9999 -9999 -9999 -9999 -9999 -9999 -9999 -9999 -9999 -9999 -9999 -9999 -9999 -9999 -9999 -9999 0.78470843 0.774545 0.7644255 0.7543517 0.74432537 0.73434856 0.72442327 0.71455161 0.70473583 0.69497836 0.68528161 0.67564826 0.66608112 0.65658298 0.64715681 0.63780604 0.62853376 0.61934373 0.61023955 0.60122511 0.59230451 0.58348211 0.57476241 0.5661501 0.5576502 0.54926797 0.54098855 0.53275518 0.52465341 0.51668953 0.50886994 -9999 -9999 -9999 -9999 -9999 -9999 -9999 -9999 -9999 -9999 -9999 -9999 -9999 -9999
-9999 -9999 -9999 -9999 -9999 -9999 -9999 -9999 -9999 -9999 -9999 -9999 -9999 -9999 -9999 -9999 -9999 0.7892991 0.77901989 0.76878136 0.75858492 0.74843251 0.73832587 0.72826686 0.71825743 0.70829987 0.69839623 0.68854891 0.67876037 0.66903312 0.65936996 0.64977368 0.64024738 0.63079414 0.62141727 0.61212036 0.60290708 0.59378137 0.58474728 0.57580903 0.56697132 0.55823888 0.54961663 0.54110994 0.53272433 0.52444469 0.51621258 0.5081164 0.50016281 0.4923587 0.48471132 -9999 -9999 -9999 -9999 -9999 -9999 -9999 -9999 -9999 -9999 -9999 -9999
-9999 -9999 -9999 -9999 -9999 -9999 -9999 -9999 -9999 -9999 -9999 -9999 -9999 -9999 -9999 -9999 -9999 0.78381849 0.77346651 0.76315343 0.75288084 0.74265042 0.73246403 0.72232328 0.7122304 0.70218739 0.6921963 0.68225953 0.67237942 0.66255849 0.65279954 0.64310519 0.63347858 0.62392281 0.61444112 0.605037 0.59571422 0.58647655 0.5773281 0.56827327 0.55931647 0.55046259 0.54171661 0.53308385 0.52456996 0.51618076 0.50790089 0.49967003 0.49157985 0.48363722 0.47584973 -9999 -9999 -9999 -9999 -9999 -9999 -9999 -9999 -9999 -9999 -9999 -9999
-9999 -9999 -9999 -9999 -9999 -9999 -9999 -9999 -9999 -9999 -9999 -9999 -9999 -9999 -9999 -9999 -9999 0.77847513 0.76805113 0.75766436 0.74731632 0.73700867 0.72674317 0.71652154 0.70634572 0.69621776 0.68613979 0.67611403 0.66614276 0.65622855 0.64637392 0.63658183 0.62685498 0.61719668 0.60761006 0.59809855 0.58866587 0.57931584 0.57005253 0.5608802 0.55180344 0.54282698 0.53395597 0.52519572 0.51655181 0.50803021 0.49963718 0.49135708 0.48312765 0.47504376 0.46711296 0.45934323 0.45174281 -9999 -9999 -9999 -9999 -9999 -9999 -9999 -9999 -9999 -9999
-9999 -9999 -9999 -9999 -9999 -9999 -9999 -9999 -9999 -9999 -9999 -9999 -9999 -9999 -9999 -9999 -9999 0.77324351 0.76277672 0.75231712 0.74189454 0.73151051 0.7211667 0.71086487 0.70060691 0.69039482 0.6802306 0.67011635 0.66005455 0.65004746 0.64009773 0.63020808 0.62038138 0.61062066 0.60092905 0.59131016 0.58176741 0.57230468 0.56292604 0.55363564 0.54443807 0.53533818 0.52634099 0.51745175 0.5086763 0.50002052 0.49149075 0.48309366 0.47481322 0.46658533 0.45850827 0.45059017 0.44283952 -9999 -9999 -9999 -9999 -9999 -9999 -9999 -9999 -9999 -9999
-9999 -9999 -9999 -9999 -9999 -9999 -9999 -9999 -9999 -9999 -9999 -9999 -9999 -9999 -9999 -9999 -9999 0.76801194 0.75754515 0.74708555 0.73661859 0.72615916 0.71573801 0.70535696 0.69501777 0.68472223 0.67447249 0.66427062 0.65411885 0.64401957 0.63397525 0.62398855 0.61406235 0.60419955 0.59440336 0.58467702 0.57502419 0.56544866 0.55595434 0.54654543 0.53722653 0.52800234 0.51887794 0.50985864 0.50095016 0.49215854 0.48349008 0.47495157 0.46655015 0.45826945 0.45004313 0.4419734 0.43406893 0.42633899 -9999 -9999 -9999 -9999 -9999 -9999 -9999 -9999 -9999
-9999 -9999 -9999 -9999 -9999 -9999 -9999 -9999 -9999 -9999 -9999 -9999 -9999 -9999 -9999 -9999 0.77324002 0.76278037 0.75231352 0.74185393 0.73138696 0.72092754 0.71046057 0.70000121 0.68958165 0.67920374 0.66886947 0.65858083 0.64833995 0.63814923 0.62801099 0.61792799 0.6079028 0.59793838 0.58803788 0.5782045 0.56844178 0.55875343 0.54914339 0.53961572 0.53017504 0.52082598 0.51157358 0.50242319 0.49338047 0.48445148 0.47564259 0.46696061 0.45841273 0.45000666 0.44172561 0.43350109 0.42543925 0.41754954 0.40984188 -9999 -9999 -9999 -9999 -9999 -9999 -9999 -9999
-9999 -9999 -9999 -9999 -9999 -9999 -9999 -9999 -9999 -9999 -9999 -9999 -9999 -9999 -9999 -9999 0.7680084 0.75754875 0.7470819 0.7366223 0.72615539 0.71569591 0.70522889 0.69476958 0.68430239 0.67384319 0.66342547 0.65305098 0.64272208 0.63244076 0.62220959 0.61203097 0.60190753 0.59184224 0.58183801 0.57189804 0.56202581 0.55222488 0.54249917 0.53285274 0.52329006 0.51381579 0.50443481 0.49515252 0.48597449 0.47690687 0.46795597 0.45912868 0.4504322 0.4418743 0.43346322 0.42518181 0.41695917 0.4089059 0.40103213 0.39334874 -9999 -9999 -9999 -9999 -9999 -9999 -9999
-9999 -9999 -9999 -9999 -9999 -9999 -9999 -9999 -9999 -9999 -9999 -9999 -9999 -9999 -9999 -9999 0.76277672 0.75231712 0.74185027 0.73139079 0.72092377 0.71046434 0.69999727 0.68953801 0.67907082 0.66861168 0.65814432 0.64768529 0.6372694 0.62689874 0.61657549 0.60630233 0.59608162 0.58591625 0.57580903 0.56576322 0.55578201 0.545869 0.53602797 0.52626296 0.51657832 0.50697856 0.49746865 0.48805391 0.47873984 0.46953253 0.46043829 0.451464 0.44261698 0.43390497 0.42533629 0.41691979 0.40863803 0.40041743 0.39237338 0.38451703 0.37686009 -9999 -9999 -9999 -9999 -9999 -9999
-9999 -9999 -9999 -9999 -9999 -9999 -9999 -9999 -9999 -9999 -9999 -9999 -9999 -9999 -9999 -9999 0.75754515 0.74708555 0.73661859 0.72615916 0.71569214 0.70523278 0.69476564 0.68430639 0.67383919 0.66338006 0.65291269 0.64245373 0.63198625 0.62152734 0.6111135 0.60074684 0.59043004 0.58016563 0.56995651 0.55980559 0.54971625 0.5396918 0.52973607 0.51985288 0.51004651 0.50032149 0.4906826 0.48113505 0.47168441 0.46233658 0.45309794 0.44397531 0.43497598 0.42610779 0.41737907 0.40879874 0.40037641 0.39209429 0.38387585 0.37584191 0.3680045 0.36037646 -9999 -9999 -9999 -9999 -9999
-9999 -9999 -9999 -9999 -9999 -9999 -9999 -9999 -9999 -9999 -9999 -9999 -9999 -9999 -9999 0.76280905 0.75231352 0.74185393 0.73138696 0.72092754 0.71046057 0.70000121 0.68953401 0.67907482 0.66860751 0.65814843 0.64768107 0.63722216 0.62675462 0.61629583 0.60582812 0.59536949 0.58495788 0.57459568 0.56428579 0.55403103 0.54383448 0.53369961 0.52362992 0.51362929 0.50370178 0.49385177 0.48408414 0.47440378 0.4648163 0.4553275 0.44594369 0.43667161 0.42751859 0.41849238 0.4096014 0.40085466 0.39226179 0.38383309 0.37555051 0.36733453 0.35931159 0.35149494 -9999 -9999 -9999 -9999 -9999
-9999 -9999 -9999 -9999 -9999 -9999 -9999 -9999 -9999 -9999 -9999 -9999 -9999 -9999 -9999 0.75775101 0.74718443 0.73665212 0.72615539 0.71569591 0.70522889 0.69476958 0.68430239 0.67384319 0.66337589 0.65291686 0.64244944 0.63199053 0.621523 0.6110642 0.60059649 0.59013793 0.57967011 0.56921165 0.55880238 0.54844514 0.5381428 0.52789867 0.51771616 0.50759901 0.49755119 0.48757701 0.47768102 0.46786826 0.45814398 0.44851406 0.43898462 0.42956237 0.42025452 0.41106883 0.40201375 0.39309818 0.3843319 0.37572539 0.3672898 0.35900676 0.35079344 0.34278258 0.33498875 -9999 -9999 -9999 -9999
-9999 -9999 -9999 -9999 -9999 -9999 -9999 -9999 -9999 -9999 -9999 -9999 -9999 -9999 -9999 0.75284086 0.74220436 0.73160025 0.72103007 0.71049519 0.69999727 0.68953801 0.67907082 0.66861168 0.65814432 0.64768529 0.63721782 0.62675896 0.61629143 0.60583269 0.59536492 0.58490636 0.57443848 0.56398008 0.55351203 0.54305381 0.53264728 0.52229536 0.51200141 0.50176904 0.49160213 0.48150468 0.47148126 0.46153666 0.45167615 0.44190529 0.43223016 0.42265736 0.41319401 0.40384778 0.39462702 0.38554069 0.3765985 0.36781106 0.35918969 0.35074663 0.34246304 0.3342526 0.32625505 0.31848647 -9999 -9999 -9999
-9999 -9999 -9999 -9999 -9999 -9999 -9999 -9999 -9999 -9999 -9999 -9999 -9999 -9999 -9999 0.74808139 0.73737624 0.72670175 0.71605914 0.70545006 0.69487594 0.68433838 0.67383919 0.66338006 0.65291269 0.64245373 0.63198625 0.62152734 0.6110598 0.60060106 0.5901333 0.57967479 0.56920685 0.55874852 0.54828041 0.5378223 0.52735402 0.51689608 0.50649241 0.49614648 0.48586185 0.47564259 0.46549296 0.45541767 0.44542166 0.43551054 0.4256901 0.41596679 0.40634764 0.39684022 0.38745269 0.37819403 0.36907394 0.36010291 0.35129242 0.3426548 0.33420348 0.32591933 0.31771208 0.3097293 0.30198876 -9999 -9999
-9999 -9999 -9999 -9999 -9999 -9999 -9999 -9999 -9999 -9999 -9999 -9999 -9999 -9999 -9999 0.74347553 0.73270302 0.72195942 0.71124598 0.70056396 0.68991495 0.6793005 0.66872215 0.65818168 0.64768107 0.63722216 0.62675462 0.61629583 0.60582812 0.59536949 0.58490167 0.57444322 0.56397523 0.553517 0.54304878 0.53259079 0.52212239 0.51166451 0.50119601 0.49073835 0.48033799 0.46999864 0.4597244 0.44951979 0.43938969 0.42933928 0.41937435 0.40950116 0.39972647 0.39005768 0.38050284 0.37107082 0.3617712 0.35261445 0.34361197 0.33477626 0.32612082 0.31766039 0.30937564 0.30117196 0.2932056 -9999 -9999
-9999 -9999 -9999 -9999 -9999 -9999 -9999 -9999 -9999 -9999 -9999 -9999 -9999 -9999 -9999 0.73871497 0.72818786 0.71737663 0.70659368 0.69584031 0.6851179 0.67442788 0.6637719 0.65315157 0.64256871 0.6320252 0.621523 0.6110642 0.60059649 0.59013793 0.57967011 0.56921165 0.55874366 0.54828544 0.53781721 0.52735916 0.51689077 0.506433 0.49596438 0.48550684 0.47503799 0.46458071 0.45418395 0.44385199 0.43358949 0.42340142 0.41329337 0.40327129 0.3933418 0.38351208 0.37378999 0.36418415 0.35470401 0.34535992 0.33616323 0.32712637 0.31826296 0.3095879 0.30111741 0.29283197 0.28463227 0.2766843 0.26901037
-9999 -9999 -9999 -9999 -9999 -9999 -9999 -9999 -9999 -9999 -9999 -9999 -9999 -9999 -9999 0.73348341 0.72301638 0.71255702 0.70208994 0.69128231 0.68048804 0.66972416 0.6589921 0.64829351 0.63763006 0.62700344 0.61641572 0.60586879 0.59536492 0.58490636 0.57443848 0.56398008 0.55351203 0.54305381 0.53258565 0.52212765 0.51165914 0.50120143 0.49073281 0.48027527 0.46980642 0.4593492 0.44888004 0.43842312 0.42803042 0.41770683 0.40745752 0.39728827 0.38720539 0.37721578 0.36732708 0.35754767 0.34788668 0.33835438 0.32896194 0.31972159 0.31064697 0.30175305 0.2930562 0.28457458 0.27628834 0.2680931 0.26016589
-9999 -9999 -9999 -9999 -9999 -9999 -9999 -9999 -9999 -9999 -9999 -9999 -9999 -9999 -9999 0.72825178 0.71778476 0.70732539 0.69685831 0.68639906 0.67593181 0.66519301 0.65438658 0.64361145 0.6328691 0.62216121 0.61148963 0.60085628 0.59026313 0.57971255 0.56920685 0.55874852 0.54828041 0.5378223 0.52735402 0.51689608 0.50642757 0.49596992 0.48550119 0.47504376 0.4645748 0.45411766 0.44364844 0.43319161 0.42272214 0.4122656 0.40187754 0.39156341 0.38132918 0.37118146 0.36112754 0.35117552 0.34133428 0.33161369 0.32202467 0.31257931 0.30329108 0.29417482 0.28524703 0.27652599 0.26803186 0.25974474 0.25155457
-9999 -9999 -9999 -9999 -9999 -9999 -9999 -9999 -9999 -9999 -9999 -9999 -9999 -9999 -9999 0.72302015 0.71255313 0.70209377 0.69162663 0.68116744 0.67070019 0.6602411 0.64977368 0.63910925 0.62828985 0.61750256 0.60674908 0.59603112 0.58535076 0.57470997 0.56411112 0.55355653 0.54304878 0.53259079 0.52212239 0.51166451 0.50119601 0.49073835 0.48026962 0.46981225 0.45934323 0.44888615 0.43841687 0.4279601 0.41749051 0.40703411 0.39656424 0.38610818 0.37572539 0.3654221 0.35520521 0.34508243 0.33506229 0.32515425 0.31536885 0.30571791 0.29621463 0.28687357 0.27771119 0.2687457 0.2599975 0.25148926 0.24320119
-9999 -9999 -9999 -9999 -9999 -9999 -9999 -9999 -9999 -9999 -9999 -9999 -9999 -9999 -9999 0.7179106 0.70736795 0.69686225 0.68639506 0.67593587 0.66546856 0.65500954 0.64454206 0.6340832 0.62361561 0.61303189 0.6021985 0.59139812 0.58063247 0.56990367 0.55921371 0.54856487 0.53795967 0.52740069 0.51689077 0.506433 0.49596438 0.48550684 0.47503799 0.46458071 0.45411163 0.44365461 0.43318527 0.42272859 0.41225894 0.4018026 0.39133264 0.3808767 0.37040642 0.35995085 0.34957414 0.33928339 0.32908672 0.3189931 0.30901269 0.2991568 0.28943815 0.27987101 0.27047151 0.26125769 0.25224996 0.24347114 0.2349469
-9999 -9999 -9999 -9999 -9999 -9999 -9999 -9999 -9999 -9999 -9999 -9999 -9999 -9999 -9999 0.71172683 0.70215226 0.69175721 0.68121159 0.67070424 0.66023699 0.64977791 0.63931049 0.62885158 0.61838399 0.6079253 0.5974576 0.58696167 0.5761132 0.5652986 0.55451987 0.54377913 0.53307871 0.52242108 0.51180891 0.50124513 0.49073281 0.48027527 0.46980642 0.4593492 0.44888004 0.43842312 0.4279537 0.41749708 0.40702737 0.39657115 0.3861011 0.37564525 0.36517483 0.35471943 0.34424861 0.33379375 0.32342401 0.31314794 0.30297506 0.29291608 0.28298317 0.27319009 0.2635524 0.25408782 0.24481639 0.23576095 0.2269473
-9999 -9999 -9999 -9999 -9999 -9999 -9999 -9999 -9999 -9999 -9999 -9999 -9999 -9999 -9999 0.70475136 0.69534839 0.68590445 0.67619091 0.66560428 0.65505546 0.64454634 0.63407886 0.62362007 0.61315242 0.60269368 0.59222597 0.58176741 0.57129953 0.5608802 0.55003481 0.53920479 0.52841172 0.51765801 0.50694612 0.49627883 0.48565901 0.47508983 0.4645748 0.45411766 0.44364844 0.43319161 0.42272214 0.4122656 0.40179581 0.39133964 0.38086953 0.37041376 0.35994326 0.349488 0.33901707 0.3285623 0.31809091 0.30763677 0.29727533 0.28701666 0.2768722 0.26685495 0.25697978 0.24726373 0.23772633 0.22838994 0.21928022
-9999 -9999 -9999 -9999 -9999 -9999 -9999 -9999 -9999 -9999 -9999 -9999 -9999 -9999 -9999 0.69790225 0.68840582 0.67897806 0.66962198 0.65997572 0.65004324 0.63945175 0.6288995 0.61838844 0.60792079 0.59746217 0.58699435 0.57653589 0.5660679 0.55560962 0.54514146 0.53468335 0.52396437 0.51311743 0.50230883 0.49154084 0.48081638 0.47013835 0.45951002 0.44893493 0.43841687 0.4279601 0.41749051 0.40703411 0.39656424 0.38610818 0.37563796 0.36518234 0.35471172 0.34425658 0.33378553 0.3233309 0.3128594 0.3024054 0.29193332 0.28148001 0.27112846 0.26089078 0.25078088 0.24081486 0.23101135 0.22139196 0.21198171
-9999 -9999 -9999 -9999 -9999 -9999 -9999 -9999 -9999 -9999 -9999 -9999 -9999 -9999 -9999 -9999 0.68159327 0.67206994 0.66261635 0.65323542 0.64372626 0.63401409 0.62389647 0.61329967 0.60274366 0.59223054 0.58176272 0.57130433 0.56083628 0.55037805 0.53990983 0.52945178 0.51898344 0.50852562 0.49790311 0.48703779 0.47621194 0.4654283 0.45468987 0.44399999 0.43336215 0.4227804 0.41225894 0.4018026 0.39133264 0.3808767 0.37040642 0.35995085 0.34948018 0.33902515 0.32855399 0.31809951 0.30762786 0.29717403 0.28670178 0.2762487 0.26577582 0.2553236 0.24498404 0.23477209 0.2247051 0.21480347 0.20509116
