inst/extdata/rambla22_cr10_dist_t1.asc
ncols 114
nrows 113
xllcorner 688075
yllcorner 4173950
cellsize 25.000000
NODATA_value -9999
[rows 84 to 111 of 113, columns 0 to 62 of 114]
-9999 -9999 -9999 -9999 -9999 -9999 0.5670534 0.5569479 0.54690591 0.53693099 0.52702689 0.51719779 0.50744804 0.49778219 0.48798102 0.47826511 0.46863979 0.45911081 0.44968418 0.44036657 0.43116503 0.42208713 0.413141 0.40433545 0.39567981 0.38701446 0.37781754 0.36876235 0.35985963 0.35112097 0.34207919 0.33287411 0.32382997 0.3149607 0.30628147 0.29714638 0.28793068 0.27890116 0.27007658 0.26147761 0.2522174 0.24298724 0.23397799 0.2252161 0.21673161 0.20729466 0.19804387 0.18906445 0.18039696 0.17196124 0.16238339 0.15252736 0.14279614 0.13321704 0.12329381 0.11370857 0.10392423 0.09411146 0.08477848 0.07610201 0.06621701 0.05663724 0.04708481
-9999 -9999 -9999 -9999 -9999 -9999 0.56130455 0.55109366 0.54094303 0.53085603 0.52083649 0.51088836 0.50101573 0.49122336 0.48151605 0.47178303 0.4620227 0.45235432 0.44278392 0.43331796 0.42396343 0.41472793 0.40561958 0.39664706 0.38781986 0.37914814 0.37061323 0.36137756 0.35228829 0.34335698 0.33459633 0.3256841 0.31643455 0.30735194 0.29845151 0.28975003 0.28075955 0.27149166 0.26241798 0.25355945 0.24493934 0.2358422 0.22654897 0.21748799 0.20868953 0.20018821 0.19093714 0.18160668 0.172565 0.16385994 0.155548 0.1460557 0.13642462 0.12653662 0.11698315 0.10714021 0.09737047 0.08794768 0.0778795 0.06833258 0.05955809 0.05023469 0.04025308
-9999 -9999 -9999 -9999 -9999 -9999 0.5557426 0.54542757 0.53516944 0.52497157 0.51483751 0.50477108 0.4947765 0.48485806 0.47502071 0.46526947 0.45560994 0.44580249 0.43608832 0.42647377 0.41696574 0.40757171 0.39829968 0.38915846 0.38015741 0.37130679 0.36261753 0.35410164 0.34494759 0.33582108 0.32685853 0.31807369 0.30930486 0.30000647 0.29088136 0.28194637 0.27322013 0.26439225 0.25506618 0.24594298 0.23704608 0.22840191 0.21949231 0.21012726 0.20100687 0.19216595 0.1836449 0.17461474 0.1651908 0.15607498 0.14732448 0.13900828 0.12978277 0.12025959 0.11036168 0.10063271 0.09112679 0.08111582 0.07161815 0.06181317 0.05194895 0.04301418 0.03478159
-9999 -9999 -9999 -9999 -9999 -9999 0.55037308 0.53995547 0.52959138 0.51928395 0.50903668 0.4988532 0.48873759 0.47869412 0.46872739 0.45884242 0.44904463 0.43933985 0.42960695 0.419844 0.41018232 0.40062929 0.39119278 0.38188142 0.3727047 0.36367275 0.35479657 0.34608824 0.33756075 0.328529 0.31936184 0.31036491 0.30155342 0.2929441 0.28359185 0.27441961 0.26544607 0.25669207 0.24804842 0.23865707 0.22947788 0.22053728 0.21186547 0.20317382 0.19372634 0.18453697 0.17564621 0.16710174 0.15833831 0.1488033 0.13959771 0.13079113 0.12246967 0.11358816 0.1038979 0.09431482 0.08435774 0.07490576 0.06500727 0.05521803 0.04608601 0.0357134 0.02647026
-9999 -9999 -9999 -9999 -9999 -9999 0.54514146 0.53468335 0.52421507 0.5137998 0.50344085 0.49314188 0.48290665 0.47273929 0.46264432 0.45262652 0.44269118 0.43284395 0.42309102 0.41343903 0.40362407 0.39391195 0.38431054 0.37482831 0.36547451 0.35625932 0.34719369 0.33828967 0.32956043 0.32102017 0.31212365 0.3029118 0.29387694 0.28503586 0.27640718 0.26719319 0.2579684 0.24895156 0.24016614 0.23163845 0.22226798 0.21302499 0.20403417 0.19533032 0.186895 0.177352 0.16808162 0.15913148 0.15055871 0.14212368 0.13245468 0.12313831 0.11426085 0.10593274 0.09751091 0.08760468 0.07819516 0.06821231 0.05849157 0.0491886 0.03893975 0.02977905 0.01999009
-9999 -9999 -9999 -9999 -9999 0.55037805 0.53990983 0.52945178 0.51898344 0.50852562 0.498057 0.48764435 0.47729123 0.46700166 0.45677988 0.44663057 0.43655876 0.42657004 0.41667023 -9999 -9999 0.38743153 0.37766538 0.36801195 0.35848034 0.3490805 0.33982344 0.33072112 0.32178659 0.3130343 0.30447994 0.29573376 0.28647259 0.27739563 0.26852156 0.25987115 0.25081361 0.24152984 0.23246409 0.22364288 0.21509635 0.20590363 0.19658738 0.18753825 0.17879678 0.17041037 0.16101233 0.15164554 0.14262352 0.13401593 0.12573376 0.11616138 0.10670505 0.0977352 0.08939839 0.08108206 0.07142681 0.06176887 0.05231645 0.04217887 0.03308783 0.02304301 0.01323513
-9999 -9999 -9999 -9999 -9999 0.54514648 0.5346782 0.52422027 0.51375182 0.50329405 0.49282543 0.48236789 0.47189904 0.46148923 -9999 0.44086352 0.43065688 0.42052796 -9999 -9999 -9999 0.38091266 0.37126994 0.36144576 0.35173624 0.34215119 0.33270138 0.32339865 0.314256 0.30528791 0.29651017 0.28794016 0.27936203 0.27004617 0.26092225 0.25201111 0.24333619 0.2344571 0.2251067 0.21598524 0.20712294 0.19855456 0.18957046 0.18016924 0.17105159 0.16226536 0.15386731 0.14471907 0.13523576 0.12612498 0.11747345 0.10918984 0.09995044 0.0903122 0.08121697 0.07286839 0.06454248 0.05546531 0.04542804 0.03639661 0.02615823 0.01654392 0.00843577
-9999 -9999 -9999 -9999 -9999 0.53991491 0.52944664 0.5189887 0.50852019 0.49806254 -9999 -9999 -9999 -9999 -9999 -9999 -9999 -9999 -9999 -9999 -9999 -9999 0.3646873 0.35498941 0.3452569 0.33548675 0.32584373 0.31633939 0.30698662 0.29779967 0.2887944 0.27998836 0.2714009 0.26301184 0.253635 0.24445839 0.23550541 0.22680253 0.21812887 0.20870266 0.19951715 0.19060716 0.18201315 0.17327727 0.1637764 0.15457719 0.14573678 0.13732446 0.12848989 0.11886317 0.10964011 0.10093144 0.09264592 0.08386965 0.07398663 0.06471188 0.05634654 0.04800587 0.0397054 0.02931589 0.0198527 0.01169831 0
-9999 -9999 -9999 -9999 -9999 0.53484711 0.52427767 0.51375713 0.50328862 -9999 -9999 -9999 -9999 -9999 -9999 -9999 -9999 -9999 -9999 -9999 -9999 -9999 0.35836581 0.34849199 0.33873441 0.32910335 0.31926757 0.30956136 0.29999733 0.2905895 0.28135357 0.272307 0.26346932 0.2548622 0.24650988 0.23724229 0.22800612 0.21900544 0.21027049 0.20183577 0.19232258 0.18306274 0.1740967 0.16547223 0.15703652 0.14741733 0.13811939 0.12921211 0.12078191 0.11235255 0.10254558 0.09317618 0.08439019 0.07610201 0.06785022 0.05778541 0.04823338 0.03984302 0.03147694 0.02316148 0.01423161 0.00330878 0.00233966
-9999 -9999 -9999 -9999 0.54070009 0.52998917 0.51932085 -9999 -9999 -9999 -9999 -9999 -9999 -9999 -9999 -9999 -9999 -9999 -9999 -9999 -9999 0.36246656 0.35231936 0.34227115 0.33233098 0.32250876 0.31281564 0.30308345 0.29330828 0.2836787 0.27421009 0.2649197 0.25582692 0.24695359 0.23832428 0.22996636 0.2208721 0.21156814 0.20251266 0.19374048 0.18529185 0.17597312 0.16662604 0.15759326 0.148932 0.14071083 0.13110465 0.12168496 0.11269309 0.10423979 0.09601173 0.08631423 0.07674666 0.06785022 0.05955809 0.05131282 0.04185316 0.03182286 0.02339663 0.01498115 0.00661757 0 0.00739866
-9999 -9999 -9999 -9999 0.53615049 0.5253468 0.51458224 -9999 -9999 -9999 -9999 -9999 -9999 -9999 -9999 -9999 -9999 -9999 -9999 0.37773783 0.36726744 0.35687339 0.34656245 0.33634231 0.32622149 0.31620955 0.3063172 0.2965563 0.28694035 0.27708957 0.26738774 0.25785164 0.24850039 0.23935563 0.23044194 0.22178722 0.21342291 0.20452989 0.19514808 0.18602896 0.17721306 0.16874793 0.15966379 0.15021293 0.14109932 0.13239268 0.1240904 0.11485815 0.10528483 0.09618262 0.08769836 0.0794797 0.07022887 0.06037963 0.05131282 0.04301418 0.03478159 0.02667626 0.01569494 0.00739866 0 0.00661757 0.01498115
-9999 -9999 -9999 -9999 0.53181931 -9999 -9999 -9999 -9999 -9999 -9999 -9999 -9999 -9999 -9999 -9999 -9999 -9999 -9999 -9999 0.36203593 0.35158059 0.34110968 0.33072112 0.32042277 0.31022379 0.30013417 0.29016535 0.28033029 0.27064348 0.26091177 0.25112988 0.2415185 0.2320988 0.2228951 0.21393528 0.20525127 0.19687955 0.18822292 0.17875086 0.16955696 0.16068903 0.15220403 0.14340817 0.13383199 0.12461862 0.11585466 0.10754817 0.09871048 0.08893797 0.07968605 0.07115807 0.06295389 0.05441917 0.04414467 0.03478159 0.02647026 0.01827335 0.01046329 0.00233966 0.00701899 0.01498115 0.02316148
-9999 -9999 -9999 -9999 0.527712 -9999 -9999 -9999 -9999 -9999 -9999 -9999 -9999 -9999 -9999 -9999 -9999 -9999 -9999 -9999 -9999 0.34634916 0.33587814 0.32542349 0.31495198 0.30456985 0.29428644 0.28411253 0.27406032 0.26414369 0.25437848 0.24478286 0.23491194 0.2252161 0.21571895 0.2064479 0.19743483 0.1887167 0.18033626 0.17196124 0.16238339 0.15310049 0.14416956 0.13566011 0.1272269 0.11749674 0.10815722 0.09931862 0.09100658 0.08271958 0.07268034 0.06321421 0.05461998 0.04644098 0.03808695 0.02827025 0.01827335 0.00992635 0.00233966 0.00467933 0.01169831 0.02092658 0.03147694
-9999 -9999 -9999 -9999 -9999 -9999 -9999 -9999 -9999 -9999 -9999 -9999 -9999 -9999 -9999 -9999 -9999 -9999 -9999 -9999 -9999 0.34111771 0.3306466 0.32019209 0.30972047 0.29926659 0.2887944 0.27841989 0.26815436 0.25801084 0.24800427 0.23815194 0.22847379 0.21874284 0.20895169 0.19936618 0.1900175 0.18094232 0.17218392 0.16379311 0.155548 0.1460557 0.13666516 0.12765643 0.11911619 0.11085658 0.1012293 0.09172552 0.08278572 0.074466 0.06617566 0.0565889 0.04679326 0.03808695 0.0299623 0.02157063 0.01323513 0.00233966 0.00330878 0.01169831 0.02012654 0.02817327 0.03699332
-9999 -9999 -9999 -9999 -9999 -9999 -9999 -9999 -9999 -9999 -9999 -9999 -9999 -9999 -9999 -9999 -9999 -9999 -9999 -9999 -9999 -9999 0.32541506 0.3149607 0.30448893 0.29403522 0.28356289 0.27310992 0.26263693 0.25227164 0.24202793 0.23192186 0.22197225 0.2122011 0.20263426 0.19273484 0.18304778 0.17360866 0.16446015 0.15565354 0.14725013 0.13900828 0.12978277 0.12025959 0.11115245 0.10257228 0.09431482 0.08506855 0.07534296 0.06625833 0.05792733 0.04963175 0.04086045 0.03050547 0.02157063 0.01364246 0.00523165 0 0.00843577 0.01929335 0.02817327 0.0365467 0.0446992
-9999 -9999 -9999 -9999 -9999 -9999 -9999 -9999 -9999 -9999 -9999 -9999 -9999 -9999 -9999 -9999 -9999 -9999 -9999 -9999 -9999 -9999 -9999 0.3097293 0.29925742 0.28880388 0.27833141 0.26787864 0.25740545 0.24695359 0.23647961 0.22612573 0.21590917 0.20585047 0.19597383 0.18630828 0.17657869 0.16677382 0.15722812 0.14799178 0.13912636 0.1307074 0.12246967 0.11358816 0.1038979 0.09466243 0.08602837 0.077774 0.06908941 0.05905042 0.04974192 0.04139286 0.03308783 0.02487096 0.01479733 0.00523165 0.00233966 0.00843577 0.01654392 0.02487096 0.03454471 0.0446992 0.05304383
-9999 -9999 -9999 -9999 -9999 -9999 -9999 -9999 -9999 -9999 -9999 -9999 -9999 -9999 -9999 -9999 -9999 -9999 -9999 -9999 -9999 -9999 -9999 0.30449793 0.29402591 0.28357254 0.27309989 0.26264735 0.25217399 0.24172239 0.23124819 0.22079775 0.21032254 0.19998303 0.18980131 0.17980426 0.17002443 -9999 0.15055871 0.14088579 0.13154233 0.12260369 0.114165 0.10593274 0.09751091 0.08760468 0.07819516 0.06948444 0.06123484 0.05304383 0.0429505 0.03325286 0.02487096 0.01654392 0.00843577 0.00233966 0.00701899 0.01687155 0.02487096 0.03308783 0.04139286 0.05061465 0.0606961
-9999 -9999 -9999 -9999 -9999 -9999 -9999 -9999 -9999 -9999 -9999 -9999 -9999 -9999 -9999 -9999 -9999 -9999 -9999 -9999 -9999 -9999 -9999 -9999 0.28890813 0.27834123 0.26786841 0.2574161 0.24694251 0.2364912 0.22601678 0.21556665 0.20509116 0.19464253 0.1841658 0.17384498 -9999 -9999 -9999 0.13442377 0.12459666 0.11511998 0.10608765 0.09762312 0.08939839 0.08108206 0.07142681 0.06176887 0.05294053 0.0446992 0.0365467 0.02738505 0.01687155 0.00843577 0 0.00523165 0.01364246 0.02207234 0.03258773 0.04139286 0.04963175 0.05792733 0.06691599
-9999 -9999 -9999 -9999 -9999 -9999 -9999 -9999 -9999 -9999 -9999 -9999 -9999 -9999 -9999 -9999 -9999 -9999 -9999 -9999 -9999 -9999 -9999 -9999 -9999 0.27343042 0.26276194 0.25218484 0.24171105 0.23126003 0.22078535 0.21033558 0.19985981 0.18941158 0.1789345 -9999 -9999 -9999 -9999 0.12784925 0.11840174 0.10838474 0.09873822 0.0895819 0.08108206 0.07286839 0.06454248 0.05546531 0.04542804 0.03639661 0.02817327 0.02012654 0.01169831 0.00233966 0.00523165 0.01323513 0.02157063 0.0299623 0.03837333 0.04817661 0.05792733 0.06617566 0.074466
-9999 -9999 -9999 -9999 -9999 -9999 -9999 -9999 -9999 -9999 -9999 -9999 -9999 -9999 -9999 -9999 -9999 -9999 -9999 -9999 -9999 -9999 -9999 -9999 -9999 0.26893914 0.25808507 0.24730802 0.23661847 0.22602887 0.21555394 0.20510451 0.19462845 -9999 -9999 -9999 -9999 -9999 -9999 -9999 0.11161934 0.10201038 0.09229073 0.08242124 0.07309341 0.06454248 0.05634654 0.04800587 0.0397054 0.02931589 0.0198527 0.01169831 0.00467933 0.00233966 0.00992635 0.01999009 0.02977905 0.03808695 0.04644098 0.05482006 0.06424495 0.07431883 0.08271958
-9999 -9999 -9999 -9999 -9999 -9999 -9999 -9999 -9999 -9999 -9999 -9999 -9999 -9999 -9999 -9999 -9999 -9999 -9999 -9999 -9999 -9999 -9999 -9999 -9999 -9999 0.25386151 0.24289714 0.23200445 0.22119405 0.21047867 0.1998735 -9999 -9999 -9999 -9999 -9999 -9999 -9999 -9999 0.10569996 0.09549723 0.08567767 0.07638919 0.06621701 0.05663724 0.04800587 0.03984302 0.03147694 0.02316148 0.01423161 0.00330878 0.00233966 0.01046329 0.01827335 0.02647026 0.0357134 0.04608601 0.05461998 0.06295389 0.07131176 0.08050617 0.09028189
-9999 -9999 -9999 -9999 -9999 -9999 -9999 -9999 -9999 -9999 -9999 -9999 -9999 -9999 -9999 -9999 -9999 -9999 -9999 -9999 -9999 -9999 -9999 -9999 -9999 -9999 0.25011425 0.23897799 0.22789806 0.21688308 -9999 -9999 -9999 -9999 -9999 -9999 -9999 -9999 -9999 -9999 -9999 0.09003904 0.07954854 0.06944504 0.05992461 0.05023469 0.04025308 0.03147694 0.02339663 0.01498115 0.00661757 0 0.00739866 0.01827335 0.02667626 0.03478159 0.04301418 0.05194895 0.06181317 0.07115807 0.0794797 -9999 -9999
-9999 -9999 -9999 -9999 -9999 -9999 -9999 -9999 -9999 -9999 -9999 -9999 -9999 -9999 -9999 -9999 -9999 -9999 -9999 -9999 -9999 -9999 -9999 -9999 -9999 0.25751178 0.24637661 0.23529612 0.22427837 -9999 -9999 -9999 -9999 -9999 -9999 -9999 -9999 -9999 -9999 -9999 -9999 0.08481077 0.07431883 0.06390321 0.0534038 0.04352025 0.03478159 0.02408831 0.01498115 0.00739866 0 0.00661757 0.01498115 0.02339663 0.03349888 0.04314125 0.05131282 0.05955809 0.06833258 0.0778795 0.0878231 -9999 -9999
-9999 -9999 -9999 -9999 -9999 -9999 -9999 -9999 -9999 -9999 -9999 -9999 -9999 -9999 -9999 -9999 -9999 -9999 -9999 -9999 -9999 -9999 -9999 -9999 0.26556976 0.25424933 0.24296474 0.23172115 -9999 -9999 -9999 -9999 -9999 -9999 -9999 -9999 -9999 -9999 -9999 -9999 -9999 -9999 0.06908941 0.05867845 0.04817661 0.03779841 0.02728492 0.01827335 0.00935865 0 0.00739866 0.01498115 0.02316148 0.03147694 0.03984302 0.04935524 0.05964994 0.06785022 0.07610201 0.08477848 -9999 -9999 -9999
-9999 -9999 -9999 -9999 -9999 -9999 -9999 -9999 -9999 -9999 -9999 -9999 -9999 -9999 -9999 -9999 -9999 -9999 -9999 -9999 -9999 -9999 -9999 0.27410028 0.26273072 0.2513913 0.24007495 -9999 -9999 -9999 -9999 -9999 -9999 -9999 -9999 -9999 -9999 -9999 -9999 -9999 -9999 -9999 -9999 0.05345502 0.0429505 0.03258773 0.02207234 0.01192999 0.00233966 0.00467933 0.01259947 0.02339663 0.03147694 0.0397054 0.04800587 0.05634654 0.06555232 0.07545186 0.08439019 -9999 -9999 -9999 -9999
-9999 -9999 -9999 -9999 -9999 -9999 -9999 -9999 -9999 -9999 -9999 -9999 -9999 -9999 -9999 -9999 -9999 -9999 -9999 -9999 -9999 -9999 0.28313788 0.27164283 0.26016589 0.24870959 -9999 -9999 -9999 -9999 -9999 -9999 -9999 -9999 -9999 -9999 -9999 -9999 -9999 -9999 -9999 -9999 -9999 -9999 0.03772593 0.02738505 0.01687155 0.00701899 0.00233966 0.00964668 0.02012654 0.02855922 0.03872831 0.04800587 0.05624931 0.06454248 0.07286839 -9999 -9999 -9999 -9999 -9999 -9999
-9999 -9999 -9999 -9999 -9999 -9999 -9999 -9999 -9999 -9999 -9999 -9999 -9999 -9999 -9999 -9999 -9999 -9999 -9999 -9999 -9999 0.29283197 0.28124656 0.26967088 0.25810629 -9999 -9999 -9999 -9999 -9999 -9999 -9999 -9999 -9999 -9999 -9999 -9999 -9999 -9999 -9999 -9999 -9999 -9999 -9999 0.03250364 0.02219599 0.01169831 0.00233966 0.00523165 0.01479733 0.02530732 0.03563668 0.04494346 0.05456985 0.06454248 -9999 -9999 -9999 -9999 -9999 -9999 -9999 -9999
-9999 -9999 -9999 -9999 -9999 -9999 -9999 -9999 -9999 -9999 -9999 -9999 -9999 -9999 -9999 -9999 -9999 -9999 -9999 -9999 -9999 -9999 -9999 0.26819517 -9999 -9999 -9999 -9999 -9999 -9999 -9999 -9999 -9999 -9999 -9999 -9999 -9999 -9999 -9999 -9999 -9999 -9999 -9999 -9999 -9999 0.017033 0.00661757 0 0.00992635 0.01999009 0.03050547 0.04086045 0.05136613 -9999 -9999 -9999 -9999 -9999 -9999 -9999 -9999 -9999 -9999
