inst/extdata/ramblas_cr10_dist_t1_ave.asc
ncols 114
nrows 113
xllcorner 688075
yllcorner 4173950
cellsize 25.000000
NODATA_value -9999
[rows 84 to 111 of 113, columns 0 to 62 of 114]
-9999 -9999 -9999 -9999 -9999 -9999 0.33198921 0.32454019 0.31791251 0.31086624 0.30248588 0.29387845 0.28555736 0.27518692 0.26476484 0.2544188 0.24420724 0.23443841 0.22484209 0.22455078 0.22546986 0.22485481 0.22516446 0.22628803 0.22618662 0.2253031 0.22415451 0.22393056 0.22363209 0.22380109 0.22283176 0.22168203 0.22004129 0.21831257 0.21742239 0.21602242 0.21393057 0.2126632 0.21076435 0.20886699 0.20671538 0.20464832 0.20330926 0.20264635 0.20260921 0.20174606 0.20099391 0.20079806 0.20112994 0.20161629 0.2011688 0.20048811 0.200193 0.20022829 0.1996989 0.19961872 0.1996924 0.19963717 0.19962677 0.19997275 0.19956838 0.19954462 0.19974405
-9999 -9999 -9999 -9999 -9999 -9999 0.32208601 0.31415043 0.30765943 0.30026549 0.2932472 0.28379089 0.27540644 0.26706362 0.25619946 0.24577886 0.23537885 0.22617716 0.22627497 0.22654633 0.22726796 0.2281383 0.22722485 0.22782436 0.2289181 0.228301 0.22748182 0.22652151 0.22655991 0.22607533 0.22609741 0.22508848 0.22376614 0.22163585 0.22035701 0.21945893 0.21755608 0.21587783 0.2142202 0.2122673 0.21049942 0.20828981 0.2065643 0.20548434 0.20501064 0.20506182 0.20406483 0.20344121 0.20333228 0.20372173 0.20414876 0.20366097 0.20319911 0.20290025 0.20283394 0.20242591 0.20231011 0.20260035 0.20231282 0.20225117 0.20246102 0.20239825 0.20221772
-9999 -9999 -9999 -9999 -9999 -9999 0.31257162 0.30398032 0.29708555 0.28984809 0.2836692 0.27433195 0.26546199 0.25707807 0.2487519 0.23751775 0.22780497 0.22726874 0.2279315 0.22867832 0.2292572 0.22999084 0.23022514 0.22979113 0.23049282 0.23125142 0.23035813 0.22955172 0.22901983 0.2288211 0.22859507 0.22809306 0.22716146 0.22520796 0.22352308 0.22250633 0.22108759 0.21938216 0.2179018 0.21587713 0.21377307 0.21186119 0.21011551 0.20864796 0.20776311 0.20743278 0.20717941 0.20647687 0.20594342 0.2058941 0.2063239 0.20664639 0.20622064 0.20590222 0.20566161 0.20540868 0.20523863 0.20505092 0.20533471 0.20508712 0.20491537 0.20496804 0.20550404
-9999 -9999 -9999 -9999 -9999 -9999 0.30280903 0.29414741 0.28663318 0.27971585 0.27304807 0.26554794 0.25550377 0.24706778 0.23873119 0.23096536 0.22670606 0.22906259 0.23008972 0.23069633 0.23138699 0.23199783 0.23272013 0.23251806 0.23241859 0.2331661 0.23337218 0.23246859 0.23180718 0.23158989 0.2312133 0.23115999 0.23026638 0.22900796 0.22696215 0.22560446 0.2245704 0.22269057 0.22141551 0.21946005 0.21728219 0.21528179 0.21346992 0.2121308 0.21085823 0.21012016 0.2098984 0.20938677 0.20896913 0.20849346 0.20847983 0.20886807 0.20903773 0.2088511 0.20852546 0.20849644 0.20804323 0.20796023 0.20787108 0.2080097 0.20804409 0.20761057 0.20749065
-9999 -9999 -9999 -9999 -9999 -9999 0.29357336 0.28494762 0.27634384 0.27018313 0.26252943 0.25557477 0.24702082 0.23791379 0.23132216 0.22940155 0.22906631 0.22952447 0.23089358 0.23292451 0.23349522 0.23414389 0.23475238 0.23545664 0.23498776 0.23507487 0.23584328 0.23545319 0.23454067 0.23417725 0.23420528 0.23368791 0.23325874 0.23229102 0.23055579 0.22893421 0.22777321 0.22606121 0.2245042 0.22324548 0.22102889 0.21892788 0.21679384 0.21526366 0.21429589 0.21316886 0.2125392 0.21218245 0.2116632 0.21153652 0.21108912 0.21108823 0.21133622 0.21143497 0.21156565 0.2111978 0.21127484 0.21076054 0.21059562 0.21084136 0.21065087 0.21072204 0.21050201
-9999 -9999 -9999 -9999 -9999 0.29378298 0.28376616 0.27508432 0.26639734 0.26043938 0.25211679 0.24691047 0.23864562 0.23695364 0.23494119 0.23320263 0.23156261 0.23187898 0.23235636 -9999 -9999 0.23631287 0.23692478 0.23751897 0.23803942 0.23754814 0.23774869 0.23852431 0.23757369 0.23676808 0.23661864 0.23658464 0.2362189 0.23543816 0.23387901 0.23232757 0.23106507 0.22965718 0.2277744 0.22647348 0.22484215 0.22261052 0.22036899 0.21850117 0.21719904 0.21645742 0.21556361 0.21501003 0.21439318 0.21399392 0.21405111 0.21373316 0.21372062 0.21383103 0.21386579 0.21412507 0.21394 0.21380522 0.21361755 0.21329039 0.21367493 0.21349767 0.21329072
-9999 -9999 -9999 -9999 -9999 0.28585647 0.27505982 0.26674256 0.25842005 0.25164702 0.24795686 0.24427223 0.24151701 0.23947961 -9999 0.2370627 0.23540231 0.23438428 -9999 -9999 -9999 0.237597 0.23914797 0.23972454 0.24029798 0.24047624 0.24016335 0.24043553 0.24069743 0.23966575 0.23909749 0.2391074 0.23904761 0.23860741 0.23740912 0.23554187 0.23426362 0.23327587 0.2312919 0.22965706 0.22810221 0.22623558 0.22420808 0.22201634 0.22036236 0.21924512 0.21866722 0.21803379 0.21749533 0.21667183 0.21636804 0.21651666 0.21643509 0.2163821 0.21624088 0.21632531 0.21664618 0.21680046 0.21639795 0.21647507 0.21613846 0.21629055 0.21700183
-9999 -9999 -9999 -9999 -9999 0.2798448 0.26781161 0.26103849 0.25889253 0.25675199 -9999 -9999 -9999 -9999 -9999 -9999 -9999 -9999 -9999 -9999 -9999 -9999 0.24016148 0.24185051 0.24254254 0.24309064 0.24300922 0.24281639 0.2431335 0.24283914 0.24188639 0.24149743 0.24162917 0.24157425 0.24081255 0.23898323 0.23738151 0.23632328 0.23506128 0.23310923 0.23159991 0.22960859 0.22781808 0.22582589 0.22383191 0.22234776 0.2213794 0.22093863 0.22057761 0.21976251 0.21900838 0.21877742 0.21900493 0.21921573 0.21903212 0.21866061 0.21881097 0.21918298 0.21977015 0.2191215 0.21903104 0.21977302 0.21890929
-9999 -9999 -9999 -9999 -9999 0.27230657 0.26213884 0.26124606 0.26200274 -9999 -9999 -9999 -9999 -9999 -9999 -9999 -9999 -9999 -9999 -9999 -9999 -9999 0.24165875 0.24281712 0.24433376 0.2453799 0.2458988 0.24560996 0.2454987 0.24584212 0.24496083 0.24419945 0.24394835 0.24397051 0.24406385 0.24265349 0.24074521 0.23935779 0.23844236 0.23683765 0.23507419 0.23322289 0.2311179 0.22922648 0.22763013 0.22578921 0.22443619 0.22358541 0.22325971 0.22320099 0.22211541 0.22139719 0.22121593 0.22151196 0.22203836 0.22168204 0.22112066 0.2213243 0.22173561 0.22233236 0.22237302 0.22159599 0.22596346
-9999 -9999 -9999 -9999 0.27343834 0.26499458 0.26184418 -9999 -9999 -9999 -9999 -9999 -9999 -9999 -9999 -9999 -9999 -9999 -9999 -9999 -9999 0.24347971 0.24385591 0.2444946 0.24553509 0.24690915 0.24815129 0.2487247 0.24826303 0.2482061 0.24830485 0.24719504 0.2465817 0.24643759 0.24636438 0.24623542 0.24435883 0.24265656 0.24144216 0.24000997 0.23863083 0.23693844 0.2346864 0.23263088 0.23079866 0.22952215 0.22787117 0.22661337 0.22585107 0.22562149 0.22558913 0.22455954 0.22383782 0.22367898 0.22403457 0.22461143 0.22439062 0.22363753 0.22388191 0.22431501 0.22481675 0.22606289 0.2344856
-9999 -9999 -9999 -9999 0.27116353 0.2670409 0.26668378 -9999 -9999 -9999 -9999 -9999 -9999 -9999 -9999 -9999 -9999 -9999 -9999 0.24713862 0.24633813 0.24616814 0.24644498 0.24678613 0.24736216 0.24830182 0.24955327 0.2509376 0.25139468 0.25096017 0.25093702 0.25047261 0.24951634 0.24901773 0.24895668 0.24879873 0.24787189 0.24622687 0.24468972 0.24342394 0.24172614 0.24053877 0.23854856 0.23631983 0.23414878 0.23250573 0.2313738 0.23006961 0.22887113 0.22816791 0.22801708 0.22782141 0.22711681 0.22633866 0.22616337 0.22657034 0.22719559 0.22747924 0.22631519 0.22667715 0.22766047 0.23558826 0.2443695
-9999 -9999 -9999 -9999 0.27671867 -9999 -9999 -9999 -9999 -9999 -9999 -9999 -9999 -9999 -9999 -9999 -9999 -9999 -9999 -9999 0.24997053 0.24934408 0.24920015 0.249442 0.24974511 0.25026174 0.25111121 0.25225338 0.2536571 0.25397993 0.25369754 0.25369167 0.25274518 0.25190776 0.25149724 0.25133478 0.25107241 0.24955302 0.2482322 0.24682513 0.24508711 0.24356427 0.24219622 0.24018569 0.23782141 0.23581091 0.23432508 0.23335345 0.2323868 0.23120828 0.23053075 0.23041672 0.23010212 0.22984576 0.22892999 0.22866784 0.22911728 0.22977642 0.23007302 0.2303959 0.2372931 0.24599459 0.25464489
-9999 -9999 -9999 -9999 0.28238573 -9999 -9999 -9999 -9999 -9999 -9999 -9999 -9999 -9999 -9999 -9999 -9999 -9999 -9999 -9999 -9999 0.25287396 0.25236012 0.2522721 0.25247536 0.2527374 0.25319568 0.25396143 0.25500317 0.25629628 0.25661209 0.25647436 0.25626583 0.25510501 0.25435798 0.25401338 0.25375593 0.25267643 0.25135931 0.25035763 0.24873665 0.24688269 0.24544889 0.24361848 0.24186012 0.23948579 0.23759803 0.23623893 0.23540789 0.23484048 0.2336344 0.23293884 0.2326347 0.23242778 0.23234224 0.23172249 0.23119832 0.23167378 0.23246694 0.23790135 0.24584808 0.25506271 0.26507351
-9999 -9999 -9999 -9999 -9999 -9999 -9999 -9999 -9999 -9999 -9999 -9999 -9999 -9999 -9999 -9999 -9999 -9999 -9999 -9999 -9999 0.25665787 0.25581067 0.25539613 0.25533643 0.25555077 0.25576842 0.25616802 0.25685363 0.25780035 0.25898893 0.2592873 0.25917273 0.25861117 0.25754095 0.25685996 0.25656193 0.25604057 0.25441074 0.25326872 0.2524876 0.25052383 0.24879274 0.24695745 0.24517679 0.24344011 0.24130237 0.23949744 0.23823337 0.23752578 0.23706686 0.2361812 0.23540034 0.23489801 0.23480349 0.23477137 0.23495256 0.23402859 0.23920176 0.24782691 0.25636272 0.26487102 0.27392066
-9999 -9999 -9999 -9999 -9999 -9999 -9999 -9999 -9999 -9999 -9999 -9999 -9999 -9999 -9999 -9999 -9999 -9999 -9999 -9999 -9999 -9999 0.25949716 0.25878373 0.25843174 0.25841024 0.25861713 0.25884492 0.25918441 0.25979127 0.26064591 0.26173335 0.26200467 0.26189849 0.26105209 0.26004668 0.25941004 0.25900236 0.25772664 0.25625393 0.25526392 0.25420855 0.25244609 0.25062985 0.24847065 0.24660661 0.24505497 0.24327299 0.24150433 0.24029781 0.2396983 0.23933521 0.23894161 0.23782383 0.23720653 0.23728698 0.23731046 0.23909812 0.2478846 0.25803796 0.2667654 0.27532581 0.28393049
-9999 -9999 -9999 -9999 -9999 -9999 -9999 -9999 -9999 -9999 -9999 -9999 -9999 -9999 -9999 -9999 -9999 -9999 -9999 -9999 -9999 -9999 -9999 0.26239074 0.26176801 0.26148227 0.26147517 0.26169331 0.26191144 0.26225231 0.26278026 0.26354364 0.2645311 0.26476596 0.26448258 0.2634376 0.26262039 0.26200773 0.2613327 0.25953106 0.25818908 0.25730639 0.25593173 0.2544988 0.25215244 0.24999091 0.2481588 0.24677376 0.24542073 0.24362734 0.24242545 0.24191898 0.24163966 0.24159913 0.24048769 0.23963563 0.24230362 0.24963963 0.25814673 0.26691961 0.27640345 0.28574726 0.29434078
-9999 -9999 -9999 -9999 -9999 -9999 -9999 -9999 -9999 -9999 -9999 -9999 -9999 -9999 -9999 -9999 -9999 -9999 -9999 -9999 -9999 -9999 -9999 0.26618127 0.2653089 0.26477615 0.26452772 0.26455029 0.26475938 0.26498866 0.26531051 0.26582907 0.2665003 0.26738698 0.26757573 0.26688017 0.2658881 -9999 0.26465587 0.26313325 0.26143924 0.26020293 0.25896421 0.25775036 0.25629783 0.25382864 0.25152264 0.2498166 0.24858252 0.24760969 0.24590796 0.24461654 0.24418572 0.2439753 0.24403792 0.24481208 0.25115573 0.26025908 0.26860054 0.27720714 0.28600625 0.29512191 0.30448036
-9999 -9999 -9999 -9999 -9999 -9999 -9999 -9999 -9999 -9999 -9999 -9999 -9999 -9999 -9999 -9999 -9999 -9999 -9999 -9999 -9999 -9999 -9999 -9999 0.26908093 0.26826143 0.26778576 0.26758661 0.26761526 0.26783642 0.2680546 0.26838173 0.2688693 0.26952621 0.2703095 0.27044191 -9999 -9999 -9999 0.26709953 0.26505801 0.26344135 0.26214852 0.26071967 0.25960721 0.25784878 0.25544894 0.25318219 0.25156601 0.25047041 0.24963745 0.24850906 0.2469048 0.24653046 0.24633817 0.25294341 0.26104754 0.26933319 0.27882558 0.28761904 0.29627797 0.30510652 0.31397418
-9999 -9999 -9999 -9999 -9999 -9999 -9999 -9999 -9999 -9999 -9999 -9999 -9999 -9999 -9999 -9999 -9999 -9999 -9999 -9999 -9999 -9999 -9999 -9999 -9999 0.27207244 0.27128586 0.27081423 0.27063749 0.2706916 0.27090198 0.27113275 0.27144113 0.27192617 0.27254439 -9999 -9999 -9999 -9999 0.27037847 0.26909656 0.26710513 0.26553272 0.26386357 0.26255972 0.26105275 0.25934444 0.25728617 0.25497812 0.2533953 0.25243065 0.25176005 0.25109598 0.25015555 0.25552095 0.26361434 0.27165425 0.27981872 0.28815596 0.29734507 0.3066564 0.31535801 0.32419876
-9999 -9999 -9999 -9999 -9999 -9999 -9999 -9999 -9999 -9999 -9999 -9999 -9999 -9999 -9999 -9999 -9999 -9999 -9999 -9999 -9999 -9999 -9999 -9999 -9999 0.27623678 0.27515805 0.2743881 0.27390809 0.2737019 0.27375628 0.27398006 0.27419792 -9999 -9999 -9999 -9999 -9999 -9999 -9999 0.27288138 0.27099559 0.26928352 0.26748436 0.26567394 0.26422715 0.26260871 0.2608416 0.25931952 0.25697052 0.25529466 0.25447553 0.25441851 0.25688773 0.26449883 0.27351939 0.28245899 0.29048361 0.29869337 0.30707066 0.31611905 0.32563347 0.33444629
-9999 -9999 -9999 -9999 -9999 -9999 -9999 -9999 -9999 -9999 -9999 -9999 -9999 -9999 -9999 -9999 -9999 -9999 -9999 -9999 -9999 -9999 -9999 -9999 -9999 -9999 0.27939494 0.27834454 0.27757754 0.27707838 0.27683396 0.27683394 -9999 -9999 -9999 -9999 -9999 -9999 -9999 -9999 0.27640983 0.27485857 0.27299919 0.27162095 0.26938272 0.26757623 0.26572435 0.26407211 0.26243934 0.26104484 0.25954912 0.25725569 0.26013064 0.26773612 0.27536161 0.28335002 0.2920238 0.3011433 0.30934778 0.31760645 0.32602477 0.33500261 0.34440626
-9999 -9999 -9999 -9999 -9999 -9999 -9999 -9999 -9999 -9999 -9999 -9999 -9999 -9999 -9999 -9999 -9999 -9999 -9999 -9999 -9999 -9999 -9999 -9999 -9999 -9999 0.28399148 0.28267951 0.28164335 0.28086787 -9999 -9999 -9999 -9999 -9999 -9999 -9999 -9999 -9999 -9999 -9999 0.27928708 0.27700021 0.27511852 0.27341853 0.27147003 0.26916014 0.26722545 0.2656619 0.2641392 0.26284444 0.26261799 0.2695882 0.27847806 0.28630682 0.29415465 0.30222719 0.31078848 0.31956653 0.32823813 0.33654506 -9999 -9999
-9999 -9999 -9999 -9999 -9999 -9999 -9999 -9999 -9999 -9999 -9999 -9999 -9999 -9999 -9999 -9999 -9999 -9999 -9999 -9999 -9999 -9999 -9999 -9999 -9999 0.29044184 0.28870009 0.28725103 0.28607999 -9999 -9999 -9999 -9999 -9999 -9999 -9999 -9999 -9999 -9999 -9999 -9999 0.28309378 0.28149063 0.27936183 0.27737217 0.27524442 0.27376054 0.27088985 0.26874311 0.26756278 0.26667237 0.27298192 0.28035002 0.28792319 0.29651236 0.30503776 0.31298754 0.32112756 0.32950173 0.33818513 0.34721304 -9999 -9999
-9999 -9999 -9999 -9999 -9999 -9999 -9999 -9999 -9999 -9999 -9999 -9999 -9999 -9999 -9999 -9999 -9999 -9999 -9999 -9999 -9999 -9999 -9999 -9999 0.29766881 0.29563458 0.29366654 0.29198102 -9999 -9999 -9999 -9999 -9999 -9999 -9999 -9999 -9999 -9999 -9999 -9999 -9999 -9999 0.2859416 0.2838046 0.28174298 0.27954869 0.27722562 0.27527202 0.273245 0.27110613 0.27754011 0.28425443 0.2914502 0.29889003 0.30652563 0.31489865 0.32382124 0.33184888 0.34004861 0.34827399 -9999 -9999 -9999
-9999 -9999 -9999 -9999 -9999 -9999 -9999 -9999 -9999 -9999 -9999 -9999 -9999 -9999 -9999 -9999 -9999 -9999 -9999 -9999 -9999 -9999 -9999 0.3044456 0.30273752 0.30110388 0.29897837 -9999 -9999 -9999 -9999 -9999 -9999 -9999 -9999 -9999 -9999 -9999 -9999 -9999 -9999 -9999 -9999 0.28828564 0.28613721 0.28413942 0.28173743 0.27941367 0.27707081 0.28071418 0.28733818 0.29558574 0.30265437 0.30997102 0.31749187 0.32519529 0.33348804 0.34227874 0.35073421 -9999 -9999 -9999 -9999
-9999 -9999 -9999 -9999 -9999 -9999 -9999 -9999 -9999 -9999 -9999 -9999 -9999 -9999 -9999 -9999 -9999 -9999 -9999 -9999 -9999 -9999 0.31213919 0.30995404 0.30804177 0.30638704 -9999 -9999 -9999 -9999 -9999 -9999 -9999 -9999 -9999 -9999 -9999 -9999 -9999 -9999 -9999 -9999 -9999 -9999 0.29057088 0.28860653 0.28628729 0.2842933 0.28442661 0.29048998 0.29832645 0.30532107 0.31336043 0.32112528 0.32853905 0.33613821 0.34390889 -9999 -9999 -9999 -9999 -9999 -9999
-9999 -9999 -9999 -9999 -9999 -9999 -9999 -9999 -9999 -9999 -9999 -9999 -9999 -9999 -9999 -9999 -9999 -9999 -9999 -9999 -9999 0.32048697 0.31811926 0.31578382 0.31368653 -9999 -9999 -9999 -9999 -9999 -9999 -9999 -9999 -9999 -9999 -9999 -9999 -9999 -9999 -9999 -9999 -9999 -9999 -9999 0.29504144 0.2930132 0.29088074 0.28909369 0.29316531 0.3003794 0.30816667 0.31604208 0.32357981 0.33144602 0.33964899 -9999 -9999 -9999 -9999 -9999 -9999 -9999 -9999
-9999 -9999 -9999 -9999 -9999 -9999 -9999 -9999 -9999 -9999 -9999 -9999 -9999 -9999 -9999 -9999 -9999 -9999 -9999 -9999 -9999 -9999 -9999 0.32193177 -9999 -9999 -9999 -9999 -9999 -9999 -9999 -9999 -9999 -9999 -9999 -9999 -9999 -9999 -9999 -9999 -9999 -9999 -9999 -9999 -9999 0.29746953 0.29548269 0.29506083 0.30282691 0.3103102 0.31803886 0.32586253 0.33393226 -9999 -9999 -9999 -9999 -9999 -9999 -9999 -9999 -9999 -9999
