inst/extdata/rambla11_cr10_dist_t1.asc
ncols 114
nrows 113
xllcorner 688075
yllcorner 4173950
cellsize 25.000000
NODATA_value -9999
[rows 84 to 111 of 113, columns 0 to 63 of 114]
-9999 -9999 -9999 -9999 -9999 -9999 0.09692502 0.09213249 0.0889191 0.08480149 0.07794487 0.0705591 0.06366669 0.05259165 0.04154867 0.03057249 0.01977469 0.00976602 0 0.008735 0.01977469 0.02762249 0.03718791 0.0482406 0.05669343 0.06359174 0.07049148 0.07909877 0.08740455 0.09648121 0.10358432 0.11048995 0.11625261 0.12166444 0.12856332 0.13489846 0.13993046 0.14642524 0.15145211 0.15625638 0.16121336 0.1663094 0.17264054 0.18007659 0.18848681 0.19619746 0.20394395 0.21253167 0.22186292 0.23127134 0.23995421 0.24844887 0.25758987 0.26723955 0.27610399 0.28552887 0.29546057 0.30516287 0.31447506 0.32384349 0.33291974 0.34245201 0.35240329 0.3627391
-9999 -9999 -9999 -9999 -9999 -9999 0.08286746 0.0772072 0.07437582 0.06967495 0.0656579 0.05669343 0.04979715 0.04290387 0.03088288 0.01977469 0.008735 0 0.00976602 0.01977469 0.03057249 0.04154867 0.04883012 0.05900166 0.07001633 0.07745387 0.08435041 0.09166546 0.10083154 0.10879368 0.1175985 0.12449286 0.13109773 0.13591977 0.14226251 0.14916783 0.15435262 0.16026399 0.16602241 0.17097515 0.1760595 0.18073742 0.18657962 0.1934807 0.20133174 0.20993544 0.21719252 0.22527574 0.23409956 0.24358351 0.25274953 0.26126624 0.2699736 0.27926389 0.28868473 0.2977116 0.30724974 0.31725302 0.32674615 0.33616976 0.34536394 0.35456181 0.36418236 0.37419295
-9999 -9999 -9999 -9999 -9999 -9999 0.06940064 0.06253307 0.05900166 0.0547246 0.0525009 0.04389282 0.03614748 0.02929807 0.02248308 0.00976602 0 0.008735 0.01977469 0.03088288 0.04154867 0.05240998 0.06215059 0.0704238 0.08082823 0.09119605 0.09809873 0.10500179 0.11309207 0.12182112 0.13033161 0.13811244 0.14501806 0.15040945 0.1561648 0.16306628 0.16895504 0.17437208 0.18073742 0.18581128 0.19050006 0.19532047 0.20073872 0.20716865 0.21451934 0.22269961 0.23071392 0.238339 0.24669604 0.25571322 0.26532331 0.27428449 0.2826585 0.29154485 0.30096154 0.31018465 0.31935047 0.32898602 0.33905127 0.34836107 0.3578818 0.3669219 0.3762265 0.38592482
-9999 -9999 -9999 -9999 -9999 -9999 0.05524497 0.04833935 0.04367499 0.04014774 0.03705946 0.03224267 0.02226996 0.01544144 0.008735 0.00308829 0.0043675 0.01878532 0.03057249 0.04154867 0.05259165 0.06336637 0.07424747 0.0831547 0.09213249 0.10265945 0.11194778 0.11884895 0.12605361 0.13465078 0.14306475 0.15195507 0.15897935 0.16507182 0.17033245 0.17678931 0.18369474 0.18868908 0.19478261 0.20026303 0.20508651 0.2100263 0.21507438 0.22108777 0.22799011 0.23570334 0.2441506 0.2516718 0.25959995 0.26818362 0.27736196 0.28694501 0.29560578 0.30411403 0.31315302 0.32267807 0.33172872 0.3410147 0.35073489 0.36080138 0.37000216 0.37950773 0.38851104 0.39791003
-9999 -9999 -9999 -9999 -9999 -9999 0.04200526 0.0352119 0.02847261 0.02656646 0.02161802 0.01800766 0.01113498 0.00308829 0 0.00617658 0.01544144 0.02620499 0.03869614 0.05240998 0.06336637 0.07437582 0.08519422 0.09608497 0.10450102 0.11389043 0.12449286 0.13261671 0.13952091 0.14733432 0.1562869 0.16446402 0.17264054 0.17954617 0.18470441 0.19067522 0.19757803 0.20317086 0.20884227 0.21485252 0.2197898 0.22483076 0.22955352 0.23519699 0.24169678 0.24898572 0.25699677 0.26523342 0.2727677 0.28094936 0.28972356 0.29903815 0.30841158 0.31693721 0.32562038 0.33479092 0.34435451 0.35330878 0.36269967 0.37249413 0.38236198 0.39166504 0.40101393 0.41012649
-9999 -9999 -9999 -9999 -9999 0.03718791 0.02762249 0.02071687 0.01381124 0.01235315 0.00617658 0.00617658 0 0.00690562 0.0131025 0.01977469 0.02656646 0.03718791 0.04804249 -9999 -9999 0.08519422 0.09618419 0.10702599 0.1175985 0.12601578 0.13567394 0.14632751 0.15336079 0.16050185 0.16875735 0.17743553 0.18596521 0.1934807 0.19923646 0.20478399 0.21131654 0.21778453 0.22308472 0.22930408 0.23458795 0.23931742 0.2441506 0.2494641 0.25560129 0.26250448 0.27011489 0.27837452 0.28616285 0.29397192 0.30236846 0.31130495 0.3207362 0.32992687 0.33833318 0.34716809 0.3564532 0.36584156 0.37491865 0.3844019 0.39426203 0.40395233 0.41334631 0.4225541
-9999 -9999 -9999 -9999 -9999 0.02656646 0.01544144 0.00926486 0.00308829 0 0.00308829 0.00617658 0.01113498 0.01746999 -9999 0.03326188 0.04014774 0.0482406 -9999 -9999 -9999 0.09428134 0.10702599 0.11800332 0.12885972 0.13880128 0.14762533 0.15747241 0.16713887 0.17404359 0.18168481 0.19027464 0.19873318 0.20716865 0.21389599 0.21907262 0.22519105 0.23209464 0.23747709 0.24332887 0.24908147 0.25391661 0.25884569 0.26386345 0.26967314 0.27622487 0.28346714 0.29134851 0.2997549 0.30721868 0.31526263 0.32384349 0.33291974 0.34245201 0.35126478 0.35978223 0.36874988 0.3781356 0.38736786 0.39655352 0.40611869 0.41603718 0.42556789 0.43504319
-9999 -9999 -9999 -9999 -9999 0.01977469 0.00617658 0.00308829 0.00926486 0.01544144 -9999 -9999 -9999 -9999 -9999 -9999 -9999 -9999 -9999 -9999 -9999 -9999 0.11563567 0.12871161 0.13982818 0.15069452 0.1601747 0.16929339 0.17928038 0.18787861 0.19497838 0.20300649 0.21185744 0.22013667 0.22799011 0.23350807 0.23925761 0.24584403 0.25199369 0.25751581 0.26368266 0.26861003 0.27362301 0.27837452 0.28388742 0.29011832 0.29702201 0.30455281 0.31266533 0.32066186 0.32837666 0.33662339 0.34536394 0.35456181 0.3640776 0.37260933 0.38127539 0.39036009 0.3998349 0.4089271 0.41820938 0.42784773 0.43781858 0.44720498
-9999 -9999 -9999 -9999 -9999 0.00976602 0 0.008735 0.02071687 -9999 -9999 -9999 -9999 -9999 -9999 -9999 -9999 -9999 -9999 -9999 -9999 -9999 0.12495169 0.13714225 0.14993312 0.16165646 0.17253002 0.18165855 0.19100006 0.20109475 0.20856809 0.21609191 0.22442738 0.23307881 0.24161782 0.2480647 0.2534843 0.25971015 0.26661423 0.27183954 0.27782581 0.28338303 0.2881391 0.29298074 0.29822374 0.3041611 0.31075298 0.3179587 0.32573751 0.33404943 0.34168525 0.34961821 0.35804168 0.3669219 0.3762265 0.38557867 0.39400794 0.40280557 0.41199428 0.42150324 0.43051443 0.43988319 0.44958725 0.45956383
-9999 -9999 -9999 -9999 0.00617658 0 0.0043675 -9999 -9999 -9999 -9999 -9999 -9999 -9999 -9999 -9999 -9999 -9999 -9999 -9999 -9999 0.12449286 0.13539247 0.14671805 0.15873921 0.17130954 0.18348694 0.19436596 0.20321779 0.21273351 0.22239962 0.22947039 0.23733648 0.24592159 0.25440447 0.26250448 0.26784555 0.27374497 0.28037165 0.28627945 0.29196981 0.29790375 0.30274675 0.3076685 0.31266533 0.31833346 0.32463769 0.33154178 0.33900905 0.3470032 0.35516654 0.36280485 0.37092898 0.37950773 0.38851104 0.39791003 0.40692808 0.4154522 0.42436719 0.43364886 0.44301593 0.45212577 0.46157254 0.47133585
-9999 -9999 -9999 -9999 0.00617658 0.008735 0.01878532 -9999 -9999 -9999 -9999 -9999 -9999 -9999 -9999 -9999 -9999 -9999 -9999 0.1165394 0.12540883 0.1354629 0.14632751 0.15722995 0.16850283 0.18039409 0.19278934 0.2053189 0.21584901 0.22483076 0.23448629 0.24309358 0.25053229 0.25867984 0.26747141 0.27581024 0.28232087 0.28792386 0.29423136 0.30081891 0.30623923 0.31232961 0.31743333 0.32242673 0.32719823 0.33261879 0.3386572 0.34528108 0.35245742 0.36015319 0.36833579 0.37616313 0.38400475 0.3922977 0.40101393 0.41012649 0.41960959 0.42828221 0.43693545 0.44595565 0.45532094 0.46455896 0.47375785 0.48327515
-9999 -9999 -9999 -9999 0.02161802 -9999 -9999 -9999 -9999 -9999 -9999 -9999 -9999 -9999 -9999 -9999 -9999 -9999 -9999 -9999 0.13790512 0.14710757 0.15729061 0.16816288 0.17906745 0.19029969 0.20208826 0.21434142 0.22698391 0.23731638 0.24648331 0.25625347 0.26397187 0.27171671 0.28009937 0.28873429 0.29689356 0.30222649 0.30824147 0.3148994 0.32061726 0.3264395 0.33218842 0.33696321 0.34181082 0.3470032 0.35279551 0.35915873 0.36606312 0.37347859 0.38137544 0.38967537 0.39725034 0.40527235 0.41371531 0.4225541 0.4317643 0.44127948 0.44968274 0.45845213 0.46756721 0.47700802 0.48612831 0.49540799
-9999 -9999 -9999 -9999 0.03705946 -9999 -9999 -9999 -9999 -9999 -9999 -9999 -9999 -9999 -9999 -9999 -9999 -9999 -9999 -9999 -9999 0.15939875 0.1688421 0.1791207 0.18999874 0.20090495 0.21210492 0.22381033 0.23594601 0.24844887 0.25884569 0.26816586 0.27761973 0.28499392 0.29299701 0.30157886 0.31007702 0.31663615 0.32238236 0.32875402 0.33508991 0.34066489 0.34672822 0.35157686 0.35649335 0.36147483 0.36703884 0.37315925 0.37980921 0.38696139 0.39458847 0.40266348 0.41064941 0.41841458 0.42659752 0.43517472 0.44412329 0.45342122 0.46259421 0.47112338 0.47999784 0.48919884 0.49867007 0.50772058
-9999 -9999 -9999 -9999 -9999 -9999 -9999 -9999 -9999 -9999 -9999 -9999 -9999 -9999 -9999 -9999 -9999 -9999 -9999 -9999 -9999 0.17219803 0.18097473 0.19060017 0.2009524 0.21183495 0.22274243 0.23391616 0.2455529 0.25758987 0.2699736 0.28042266 0.28987166 0.29847949 0.3061302 0.31435373 0.32310636 0.33113881 0.33663756 0.34274432 0.34942719 0.35499195 0.36092032 0.36625848 0.3712374 0.37602364 0.38137544 0.38726935 0.39368102 0.40058556 0.40795805 0.41577351 0.42400743 0.43170907 0.43964467 0.44797212 0.45666999 0.46571752 0.47509473 0.4839555 0.4925989 0.50156877 0.51084799 0.52020009
-9999 -9999 -9999 -9999 -9999 -9999 -9999 -9999 -9999 -9999 -9999 -9999 -9999 -9999 -9999 -9999 -9999 -9999 -9999 -9999 -9999 -9999 0.19357926 0.20260677 0.21237454 0.22278526 0.23367138 0.24457993 0.25573188 0.26731091 0.27926389 0.29154485 0.30203709 0.31159587 0.31946993 0.32735853 0.3357723 0.34439606 0.35099313 0.35685431 0.3632777 0.36940882 0.37510941 0.38100011 0.38578884 0.39064095 0.39579513 0.40147744 0.4076657 0.4143373 0.42146928 0.42903867 0.43702276 0.44514218 0.45284243 0.4609315 0.46938927 0.47819625 0.48733343 0.49678256 0.50535754 0.51410491 0.52316179 0.53251257
-9999 -9999 -9999 -9999 -9999 -9999 -9999 -9999 -9999 -9999 -9999 -9999 -9999 -9999 -9999 -9999 -9999 -9999 -9999 -9999 -9999 -9999 -9999 0.21505219 0.2242786 0.23416065 0.24461893 0.25550799 0.26641743 0.27755102 0.28908091 0.30096154 0.31315302 0.32368146 0.33299133 0.34056691 0.3486621 0.35724163 0.36543728 0.37107035 0.37725179 0.38390537 0.38939379 0.39540943 0.40040698 0.4053194 0.41028924 0.41577351 0.42175206 0.42820425 0.43510898 0.44244509 0.45019149 0.45832731 0.46617805 0.47403961 0.48226757 0.49084349 0.49974954 0.50896826 0.51826219 0.52679531 0.53563773 0.54477438
-9999 -9999 -9999 -9999 -9999 -9999 -9999 -9999 -9999 -9999 -9999 -9999 -9999 -9999 -9999 -9999 -9999 -9999 -9999 -9999 -9999 -9999 -9999 0.22786461 0.23659189 0.24597976 0.25595555 0.26645322 0.27734477 0.28825493 0.29937284 0.31086039 0.32267807 0.33479092 0.34535014 0.35395607 0.36175177 -9999 0.37875304 0.38538072 0.39133615 0.39780218 0.40376342 0.40956798 0.41508475 0.42005259 0.42485011 0.43014875 0.43593021 0.44217555 0.44886543 0.45598022 0.46350049 0.47140669 0.47964008 0.48728449 0.49529248 0.50364661 0.51233012 0.52132646 0.53061963 0.53962916 0.54826461 0.55719425
-9999 -9999 -9999 -9999 -9999 -9999 -9999 -9999 -9999 -9999 -9999 -9999 -9999 -9999 -9999 -9999 -9999 -9999 -9999 -9999 -9999 -9999 -9999 -9999 0.24925374 0.25818163 0.26770311 0.27775712 0.28828801 0.29918165 0.31009242 0.3211968 0.33264744 0.34440989 0.3564532 0.36703884 -9999 -9999 -9999 0.3997753 0.40551935 0.41176273 0.41820938 0.42381622 0.42981602 0.4346155 0.43947107 0.44459551 0.45019149 0.45624162 0.46272819 0.46963307 0.47693805 0.48462514 0.49267633 0.50065517 0.50845261 0.51659405 0.52506343 0.53384522 0.54292419 0.55228572 0.56103237 0.56976195
-9999 -9999 -9999 -9999 -9999 -9999 -9999 -9999 -9999 -9999 -9999 -9999 -9999 -9999 -9999 -9999 -9999 -9999 -9999 -9999 -9999 -9999 -9999 -9999 -9999 0.27071445 0.27980979 0.28944361 0.29956393 0.31012317 0.3210186 0.33192992 0.34302246 0.35444076 0.36615428 -9999 -9999 -9999 -9999 0.41290768 0.41979138 0.42582553 0.43232722 0.43814524 0.44403738 0.4492371 0.45414639 0.45910703 0.4645282 0.47039399 0.47668803 0.48339356 0.49049364 0.49797143 0.50581026 0.51399355 0.52173787 0.52967513 0.5379386 0.54651354 0.55538547 0.56454036 0.57393152 0.58246781
-9999 -9999 -9999 -9999 -9999 -9999 -9999 -9999 -9999 -9999 -9999 -9999 -9999 -9999 -9999 -9999 -9999 -9999 -9999 -9999 -9999 -9999 -9999 -9999 -9999 0.28353443 0.29223104 0.30146818 0.3111977 0.32137493 0.33195861 0.34285561 0.35376738 -9999 -9999 -9999 -9999 -9999 -9999 -9999 0.43414343 0.4399808 0.44627631 0.45254747 0.45825447 0.46391182 0.46887088 0.47367733 0.47893364 0.48462514 0.49073661 0.49725274 0.5041577 0.51143579 0.51907132 0.52704869 0.53513893 0.54288027 0.55094575 0.55932126 0.56799316 0.5769481 0.586173 -9999
-9999 -9999 -9999 -9999 -9999 -9999 -9999 -9999 -9999 -9999 -9999 -9999 -9999 -9999 -9999 -9999 -9999 -9999 -9999 -9999 -9999 -9999 -9999 -9999 -9999 -9999 0.30492836 0.31379194 0.32315062 0.33296272 0.34318924 0.35379438 -9999 -9999 -9999 -9999 -9999 -9999 -9999 -9999 0.44711971 0.45421991 0.46032071 0.46685271 0.47254844 0.47851522 0.48344283 0.48830119 0.49340173 0.49892819 0.50486662 0.51120259 0.51792161 0.52500896 0.53244988 0.54022978 0.5483342 0.55620059 0.56407557 0.57225901 0.58073778 0.58949906 0.59853064 -9999
-9999 -9999 -9999 -9999 -9999 -9999 -9999 -9999 -9999 -9999 -9999 -9999 -9999 -9999 -9999 -9999 -9999 -9999 -9999 -9999 -9999 -9999 -9999 -9999 -9999 -9999 0.31786871 0.32638103 0.33538864 0.34485267 -9999 -9999 -9999 -9999 -9999 -9999 -9999 -9999 -9999 -9999 -9999 0.46853513 0.47445189 0.480792 0.48691244 0.49270536 0.49806719 0.50297395 0.50792716 0.51329725 0.51907132 0.52523598 0.53177774 0.53868277 0.54593738 0.5535277 0.5614402 0.56962801 0.57731989 0.58531818 0.59361042 -9999 -9999 -9999
-9999 -9999 -9999 -9999 -9999 -9999 -9999 -9999 -9999 -9999 -9999 -9999 -9999 -9999 -9999 -9999 -9999 -9999 -9999 -9999 -9999 -9999 -9999 -9999 -9999 0.32337191 0.33102357 0.33920595 0.34788162 -9999 -9999 -9999 -9999 -9999 -9999 -9999 -9999 -9999 -9999 -9999 -9999 0.48137679 0.48866242 0.49482045 0.50134054 0.5069686 0.5127395 0.51769139 0.52250508 0.52772689 0.53334473 0.53934627 0.54571888 0.55244974 0.55952585 0.56693427 0.57466227 0.58269702 0.59067089 0.59849076 0.60660298 -9999 -9999 -9999
-9999 -9999 -9999 -9999 -9999 -9999 -9999 -9999 -9999 -9999 -9999 -9999 -9999 -9999 -9999 -9999 -9999 -9999 -9999 -9999 -9999 -9999 -9999 -9999 0.32976786 0.33701983 0.34436835 0.35224088 -9999 -9999 -9999 -9999 -9999 -9999 -9999 -9999 -9999 -9999 -9999 -9999 -9999 -9999 0.50279379 0.50893075 0.51530935 0.52129898 0.52716631 0.53227069 0.53713135 0.54221225 0.54768156 0.5535277 0.55973893 0.56630312 0.57320823 0.58044207 0.58799254 0.59584754 0.6039952 0.61176949 -9999 -9999 -9999 -9999
-9999 -9999 -9999 -9999 -9999 -9999 -9999 -9999 -9999 -9999 -9999 -9999 -9999 -9999 -9999 -9999 -9999 -9999 -9999 -9999 -9999 -9999 -9999 0.33479092 0.34274432 0.35081647 0.3578818 -9999 -9999 -9999 -9999 -9999 -9999 -9999 -9999 -9999 -9999 -9999 -9999 -9999 -9999 -9999 -9999 0.52311625 0.52932393 0.53569111 0.54140252 0.54689735 0.55180197 0.55674903 0.56207689 0.56777485 0.5738318 0.58023665 0.58697787 0.59404403 0.60142376 0.60910562 0.61707824 -9999 -9999 -9999 -9999 -9999
-9999 -9999 -9999 -9999 -9999 -9999 -9999 -9999 -9999 -9999 -9999 -9999 -9999 -9999 -9999 -9999 -9999 -9999 -9999 -9999 -9999 -9999 0.3411405 0.34826524 0.35591765 0.36406448 -9999 -9999 -9999 -9999 -9999 -9999 -9999 -9999 -9999 -9999 -9999 -9999 -9999 -9999 -9999 -9999 -9999 -9999 0.54341582 0.54982802 0.55570304 0.56156762 0.56651356 0.57133328 0.57652636 0.58208291 0.58799254 0.5942447 0.6008288 0.60773394 0.61494939 -9999 -9999 -9999 -9999 -9999 -9999 -9999
-9999 -9999 -9999 -9999 -9999 -9999 -9999 -9999 -9999 -9999 -9999 -9999 -9999 -9999 -9999 -9999 -9999 -9999 -9999 -9999 -9999 0.34814196 0.35499195 0.36189676 0.36926677 -9999 -9999 -9999 -9999 -9999 -9999 -9999 -9999 -9999 -9999 -9999 -9999 -9999 -9999 -9999 -9999 -9999 -9999 -9999 0.55757924 0.56383042 0.57006316 0.57584771 0.58109897 0.58596148 0.59102601 0.59644748 0.60221616 0.6083222 0.6147555 -9999 -9999 -9999 -9999 -9999 -9999 -9999 -9999 -9999
-9999 -9999 -9999 -9999 -9999 -9999 -9999 -9999 -9999 -9999 -9999 -9999 -9999 -9999 -9999 -9999 -9999 -9999 -9999 -9999 -9999 -9999 -9999 0.37566837 -9999 -9999 -9999 -9999 -9999 -9999 -9999 -9999 -9999 -9999 -9999 -9999 -9999 -9999 -9999 -9999 -9999 -9999 -9999 -9999 -9999 0.57790607 0.58434782 0.59012166 0.59572747 0.60063032 0.60557226 0.61086461 0.61649839 -9999 -9999 -9999 -9999 -9999 -9999 -9999 -9999 -9999 -9999 -9999
