inst/extdata/ramblas_cr10_dist_t1_ave.asc
ncols 114
nrows 113
xllcorner 688075
yllcorner 4173950
cellsize 25.000000
NODATA_value -9999
[rows 28 to 55 of 113, columns 0 to 62 of 114]
-9999 -9999 -9999 -9999 -9999 -9999 -9999 -9999 -9999 -9999 -9999 -9999 -9999 -9999 -9999 -9999 -9999 -9999 -9999 0.76042883 0.75045313 0.74060004 0.73087476 0.7207233 0.71040964 0.69978059 0.68867087 0.67765376 0.66673399 0.65591708 0.64520848 0.63461422 0.62414069 0.61379459 0.60358321 0.59351416 0.58359563 0.57383634 0.56424539 0.55483254 0.54518499 0.53539903 0.52579082 0.51632929 0.50700158 0.49788247 -9999 -9999 -9999 -9999 -9999 -9999 -9999 -9999 -9999 -9999 -9999 -9999 -9999 -9999 -9999 -9999 -9999
-9999 -9999 -9999 -9999 -9999 -9999 -9999 -9999 -9999 -9999 -9999 -9999 -9999 -9999 -9999 -9999 -9999 -9999 0.76176178 0.75154754 0.74144927 0.73147209 0.72162118 0.71190212 0.70167045 0.69134179 0.68091066 0.66976077 0.65870481 0.64774796 0.63689574 0.62615418 0.61552957 0.60502863 0.59465861 0.58442728 0.57434281 0.56441402 0.55465022 0.54506139 0.53565804 0.52600847 0.5162133 0.50660298 0.49714531 0.48782717 0.47872761 -9999 -9999 -9999 -9999 -9999 -9999 -9999 -9999 -9999 -9999 -9999 -9999 -9999 -9999 -9999 -9999
-9999 -9999 -9999 -9999 -9999 -9999 -9999 -9999 -9999 -9999 -9999 -9999 -9999 -9999 -9999 -9999 -9999 -9999 0.75314084 0.74280438 0.7325821 0.72247921 0.71250087 0.70265282 0.69294074 0.68262391 0.67227947 0.66202961 0.65086837 0.63977146 0.62877528 0.61788574 0.60710907 0.59645209 0.58592194 0.57552639 0.56527371 0.55517271 0.54523289 0.53546437 0.52587796 0.51648511 0.50683332 0.49702799 0.48741527 0.47796173 0.46865396 0.45957574 -9999 -9999 -9999 -9999 -9999 -9999 -9999 -9999 -9999 -9999 -9999 -9999 -9999 -9999 -9999
-9999 -9999 -9999 -9999 -9999 -9999 -9999 -9999 -9999 -9999 -9999 -9999 -9999 -9999 -9999 -9999 -9999 -9999 0.74466444 0.73420462 0.72385694 0.71362669 0.70351926 0.69354022 0.68369562 0.67399156 0.66358401 0.65322323 0.64295952 0.6319955 0.62085526 0.60981742 0.59888816 0.58807419 0.57738266 0.5668213 0.55639832 0.5461227 0.53600397 0.52605236 0.51627884 0.50669517 0.49731394 0.48765984 0.47784325 0.46822777 0.45877862 0.44948201 0.44042729 -9999 -9999 -9999 -9999 -9999 -9999 -9999 -9999 -9999 -9999 -9999 -9999 -9999 -9999
-9999 -9999 -9999 -9999 -9999 -9999 -9999 -9999 -9999 -9999 -9999 -9999 -9999 -9999 -9999 -9999 -9999 -9999 0.73633807 0.72575365 0.7152793 0.70492019 0.69468185 0.68457006 0.67459087 0.6647505 0.65505559 0.64455134 0.63417338 0.6238953 0.61314419 0.60195806 0.59087593 0.57990447 0.56905064 0.55832221 0.54772736 0.53727497 0.52697466 0.5168368 0.50687245 0.49709363 0.48751318 0.4781449 0.46848822 0.45865916 0.44904048 0.43959596 0.43031154 -9999 -9999 -9999 -9999 -9999 -9999 -9999 -9999 -9999 -9999 -9999 -9999 -9999 -9999
-9999 -9999 -9999 -9999 -9999 -9999 -9999 -9999 -9999 -9999 -9999 -9999 -9999 -9999 -9999 -9999 -9999 0.73853634 0.72816715 0.71745722 0.70685486 0.69636556 0.68599478 0.67574843 0.66563255 0.65565368 0.64581851 0.6360523 0.62552635 0.61513046 0.60483739 0.59431674 0.58308195 0.57195277 0.5609362 0.55003981 0.53927177 0.52864093 0.51815684 0.50782986 0.49767129 0.48769322 0.47790875 0.46833203 0.45897828 0.44931882 0.43947584 0.42985342 0.42041385 0.41114278 0.40214286 -9999 -9999 -9999 -9999 -9999 -9999 -9999 -9999 -9999 -9999 -9999 -9999
-9999 -9999 -9999 -9999 -9999 -9999 -9999 -9999 -9999 -9999 -9999 -9999 -9999 -9999 -9999 -9999 -9999 0.72979815 0.71977115 0.70932105 0.69858972 0.6879689 0.67746419 0.66708148 0.65682708 0.64670754 0.63672968 0.62690071 0.61705842 0.60650964 0.59609501 0.58578628 0.5755159 0.56422935 0.55305002 0.54198532 0.5310433 0.5202327 0.50956301 0.49904465 0.48868879 0.47850775 0.46851477 0.45872429 0.44915192 0.43981454 0.43015209 0.42029341 0.41066662 0.40123231 0.39197596 -9999 -9999 -9999 -9999 -9999 -9999 -9999 -9999 -9999 -9999 -9999 -9999
-9999 -9999 -9999 -9999 -9999 -9999 -9999 -9999 -9999 -9999 -9999 -9999 -9999 -9999 -9999 -9999 -9999 0.7207542 0.71104887 0.70102589 0.69049 0.67973651 0.66909649 0.65857593 0.64818115 0.63791883 0.62779597 0.61781994 0.60799839 0.59807464 0.58750183 0.57706753 0.56674241 0.55645629 0.54540313 0.53417025 0.52305397 0.51206291 0.50120642 0.49049477 0.47993918 0.4695519 0.45934636 0.44933715 0.43954026 0.42997301 0.42065424 0.41098851 0.40111209 0.39148009 0.38205143 0.37281134 0.36388022 -9999 -9999 -9999 -9999 -9999 -9999 -9999 -9999 -9999 -9999
-9999 -9999 -9999 -9999 -9999 -9999 -9999 -9999 -9999 -9999 -9999 -9999 -9999 -9999 -9999 -9999 -9999 0.71103167 0.70247007 0.69231993 0.68230198 0.6716751 0.66089851 0.65023861 0.63970173 0.62929472 0.61902463 0.60889896 0.59892566 0.58911297 0.57910173 0.56850367 0.55804865 0.54770652 0.53740384 0.52660658 0.51531642 0.50414478 0.49310088 0.48219478 0.47143755 0.46084144 0.45041984 0.44018743 0.43016049 0.42035671 0.41079552 0.4014981 0.39182873 0.38193207 0.37229389 0.36287129 0.35364934 -9999 -9999 -9999 -9999 -9999 -9999 -9999 -9999 -9999 -9999
-9999 -9999 -9999 -9999 -9999 -9999 -9999 -9999 -9999 -9999 -9999 -9999 -9999 -9999 -9999 -9999 -9999 0.70118758 0.69306563 0.68374666 0.67361276 0.6636011 0.6528773 0.64207675 0.63139631 0.62084269 0.61042321 0.60014552 0.59001769 0.5800482 0.57024607 0.56014067 0.54951588 0.5390391 0.5286791 0.51835921 0.50784365 0.4964921 0.48526088 0.47415985 0.46319991 0.45239307 0.44175261 0.43129328 0.42103136 0.4109849 0.4011737 0.39161971 0.38234696 0.37267368 0.36275367 0.35310805 0.34369192 0.33449049 -9999 -9999 -9999 -9999 -9999 -9999 -9999 -9999 -9999
-9999 -9999 -9999 -9999 -9999 -9999 -9999 -9999 -9999 -9999 -9999 -9999 -9999 -9999 -9999 -9999 0.69948737 0.69136725 0.68333277 0.67512725 0.66502253 0.65491386 0.64492504 0.63409791 0.62327241 0.61257056 0.60199973 0.59156772 0.58128269 0.57115346 0.56118915 0.55139952 0.54119242 0.53053931 0.52003964 0.50966094 0.49932297 0.48902802 0.47770148 0.46640594 0.45524306 0.44422452 0.43336335 0.42267418 0.4121732 0.40187858 0.39181047 0.38199131 0.372446 0.36320206 0.35352446 0.34357732 0.33392263 0.32451348 0.31533533 -9999 -9999 -9999 -9999 -9999 -9999 -9999 -9999
-9999 -9999 -9999 -9999 -9999 -9999 -9999 -9999 -9999 -9999 -9999 -9999 -9999 -9999 -9999 -9999 0.68976032 0.6815723 0.67355029 0.66538536 0.65646505 0.64630546 0.63621615 0.62625995 0.61533816 0.6044866 0.59376266 0.58317412 0.57272947 0.56243753 0.55230777 0.54235023 0.53257536 0.52225808 0.51157495 0.5010511 0.49065285 0.48029592 0.46998276 0.45894961 0.44758458 0.43635443 0.42527178 0.41435096 0.40360791 0.39306074 0.38272963 0.37263743 0.36280964 0.35327488 0.34406498 0.33438266 0.32440357 0.3147377 0.30533603 0.29618484 -9999 -9999 -9999 -9999 -9999 -9999 -9999
-9999 -9999 -9999 -9999 -9999 -9999 -9999 -9999 -9999 -9999 -9999 -9999 -9999 -9999 -9999 -9999 0.6800635 0.67180466 0.66371455 0.65564106 0.64749412 0.637781 0.62758832 0.61752796 0.60754561 0.59658315 0.58572078 0.57497384 0.56436716 0.55390983 0.54361144 0.53348237 0.52353343 0.51377611 0.5033389 0.4926239 0.48207449 0.47165569 0.46127889 0.45094662 0.4402428 0.42880233 0.41749875 0.4063458 0.39535904 0.3845562 0.37395731 0.36358523 0.35346593 0.34362876 0.33410699 0.32493791 0.31525048 0.30523321 0.29555328 0.28615974 0.27704023 -9999 -9999 -9999 -9999 -9999 -9999
-9999 -9999 -9999 -9999 -9999 -9999 -9999 -9999 -9999 -9999 -9999 -9999 -9999 -9999 -9999 -9999 0.67039921 0.6620664 0.65390498 0.64592782 0.637707 0.62903541 0.61904687 0.60887921 0.5988421 0.58880274 0.57782478 0.56695932 0.55620555 0.5455802 0.53511026 0.52480613 0.51467912 0.50474105 0.49500455 0.4844363 0.47368729 0.46311081 0.45267047 0.44227278 0.43192044 0.42158855 0.41006608 0.39868214 0.38745167 0.37639172 0.36552193 0.35486481 0.34444629 0.33429625 0.32444886 0.31494326 0.3058239 0.29613103 0.2860674 0.27636955 0.26698473 0.25790333 -9999 -9999 -9999 -9999 -9999
-9999 -9999 -9999 -9999 -9999 -9999 -9999 -9999 -9999 -9999 -9999 -9999 -9999 -9999 -9999 0.66900522 0.66076975 0.65235965 0.64412366 0.63607509 0.6279499 0.61984169 0.61036428 0.60031952 0.59017079 0.58016743 0.57005769 0.55907154 0.54819385 0.53744161 0.52681494 0.51633248 0.5060235 0.49590019 0.48597575 0.47626396 0.46555191 0.45476648 0.44416131 0.43369834 0.42327869 0.41290519 0.40272953 0.39138449 0.3799123 0.36859598 0.35745429 0.34650907 0.33578576 0.32531406 0.31512868 0.30527004 0.29578502 0.28672749 0.27702892 0.26690794 0.25718659 0.2478112 -9999 -9999 -9999 -9999 -9999
-9999 -9999 -9999 -9999 -9999 -9999 -9999 -9999 -9999 -9999 -9999 -9999 -9999 -9999 -9999 0.65931944 0.65119477 0.6427018 0.63437286 0.62624932 0.61822516 0.6100391 0.6016409 0.59170535 0.58159132 0.5714718 0.56149669 0.55131896 0.54031501 0.52943298 0.51867319 0.5080545 0.49757838 0.48726553 0.47714811 0.46724057 0.45755821 0.44668754 0.43586305 0.42522731 0.41474056 0.4042978 0.3939021 0.3837161 0.37276867 0.36119919 0.34978732 0.33855374 0.32752283 0.31672351 0.30619018 0.29596367 0.28609256 0.27663419 0.26765542 0.25795137 0.24775762 0.23800459 0.22863936 -9999 -9999 -9999 -9999
-9999 -9999 -9999 -9999 -9999 -9999 -9999 -9999 -9999 -9999 -9999 -9999 -9999 -9999 -9999 0.64973827 0.64150379 0.63315561 0.62470808 0.6164682 0.60844332 0.60026769 0.59219531 0.58295619 0.57305179 0.56287095 0.55277465 0.54283947 0.53257843 0.52156408 0.510668 0.49990938 0.48928982 0.47883055 0.46853472 0.45842574 0.44853917 0.438892 0.42784527 0.41697873 0.40631037 0.39579855 0.38533145 0.37491234 0.36471664 0.35423294 0.34255586 0.3310372 0.31969962 0.30857048 0.29768287 0.28707697 0.27680174 0.26691674 0.25749381 0.2486185 0.23891014 0.22862124 0.21882384 0.20946947 -9999 -9999 -9999
-9999 -9999 -9999 -9999 -9999 -9999 -9999 -9999 -9999 -9999 -9999 -9999 -9999 -9999 -9999 0.64026563 0.63191826 0.62372579 0.61515622 0.60679655 0.59865459 0.59054607 0.58237536 0.57412063 0.56427458 0.55437215 0.54415054 0.53408873 0.52418855 0.51384509 0.50280998 0.49190797 0.48114087 0.47053029 0.46007976 0.4498134 0.43973651 0.42987585 0.42012809 0.40902758 0.39811547 0.38741212 0.37687394 0.36638122 0.35593744 0.34573305 0.33579615 0.3239999 0.31236129 0.30090521 0.28966231 0.27867067 0.26797792 0.25764373 0.24774302 0.23836886 0.22963481 0.21992582 0.20950774 0.19964483 0.19030187 -9999 -9999
-9999 -9999 -9999 -9999 -9999 -9999 -9999 -9999 -9999 -9999 -9999 -9999 -9999 -9999 -9999 0.63090567 0.6224421 0.61419107 0.6057219 0.59723882 0.58897618 0.5809422 0.57264508 0.56458165 0.55559078 0.5456055 0.53563215 0.52543921 0.51540644 0.50555429 0.49511054 0.48406212 0.47314365 0.4623772 0.45176641 0.44133622 0.43109241 0.42106286 0.41125578 0.40139651 0.39023723 0.3792756 0.36853458 0.35796861 0.34744884 0.3369791 0.3267675 0.31688988 0.30555535 0.29378164 0.28218961 0.27081355 0.25969748 0.24889841 0.23849084 0.2285721 0.2192681 0.21073732 0.20103787 0.19043567 0.18046852 -9999 -9999
-9999 -9999 -9999 -9999 -9999 -9999 -9999 -9999 -9999 -9999 -9999 -9999 -9999 -9999 -9999 0.62150727 0.61307965 0.6047117 0.59641002 0.58779983 0.57941273 0.57125748 0.56303353 0.5548429 0.54656009 0.53691156 0.52694166 0.51689942 0.506729 0.49673794 0.48692978 0.47638453 0.46531138 0.45438473 0.44360856 0.43300818 0.42259015 0.41238323 0.40239659 0.39266268 0.38270138 0.37147761 0.36046168 0.34967999 0.33908471 0.3285364 0.31803931 0.30782291 0.29797429 0.28725607 0.27533011 0.26358134 0.25204773 0.24078004 0.22984738 0.21934505 0.20940516 0.20020859 0.19199244 0.18233186 0.17145099 0.1612975 0.15197518
-9999 -9999 -9999 -9999 -9999 -9999 -9999 -9999 -9999 -9999 -9999 -9999 -9999 -9999 -9999 0.61191558 0.60342683 0.59514714 0.58707686 0.57848455 0.56996884 0.56168837 0.55354599 0.54522373 0.53715175 0.52809887 0.51826253 0.50831135 0.49816562 0.48802985 0.47807568 0.4683267 0.45765827 0.44656773 0.43562142 0.42484503 0.41424549 0.40385263 0.3936766 0.38375133 0.37409047 0.364024 0.35275271 0.34167687 0.3308509 0.32022463 0.30964624 0.29912033 0.28890278 0.27909525 0.26915112 0.25705447 0.24512486 0.23340319 0.2219472 0.21084094 0.20021003 0.19024463 0.18122842 0.17293767 0.16328101 0.15270451 0.14214309
-9999 -9999 -9999 -9999 -9999 -9999 -9999 -9999 -9999 -9999 -9999 -9999 -9999 -9999 -9999 0.60236985 0.59378507 0.58541294 0.57725443 0.56905136 0.56060125 0.55223979 0.54407821 0.53572959 0.52752529 0.51921953 0.50966539 0.49964665 0.48971821 0.4794593 0.46933366 0.45943098 0.44971149 0.43894236 0.42782178 0.41686396 0.40607624 0.39548911 0.38511363 0.37498539 0.36511969 0.35555722 0.34535574 0.33404215 0.3229248 0.31205028 0.30139125 0.29078107 0.28022494 0.27001178 0.26026314 0.2510615 0.23902931 0.22689331 0.21494696 0.20325296 0.19191189 0.18109365 0.17109612 0.16243267 0.15379062 0.14410867 0.13451228
-9999 -9999 -9999 -9999 -9999 -9999 -9999 -9999 -9999 -9999 -9999 -9999 -9999 -9999 -9999 0.59287417 0.58418824 0.57571851 0.56746657 0.55944945 0.55093936 0.54261855 0.53453247 0.52636617 0.51802456 0.50995271 0.50081374 0.49118792 0.48106728 0.47111461 0.46078314 0.4506711 0.44079667 0.4310057 0.42022793 0.40908417 0.39810215 0.38731289 0.37672829 0.36638525 0.35630084 0.34651837 0.33706011 0.32671314 0.31533594 0.30418293 0.29328149 0.28258782 0.27194413 0.26135636 0.25115639 0.24149377 0.23247704 0.22137637 0.20901415 0.19680606 0.1848112 0.17313899 0.16201775 0.1519788 0.14423505 0.13474846 0.12505341
-9999 -9999 -9999 -9999 -9999 -9999 -9999 -9999 -9999 -9999 -9999 -9999 -9999 -9999 -9999 0.58338801 0.57466387 0.5660678 0.55771687 0.5496058 0.54132521 0.53289912 0.52471296 0.51678603 0.50851503 0.50044592 0.49212428 0.4824639 0.47262988 0.46252839 0.45246825 0.4421402 0.43204612 0.42220655 0.41230289 0.4015267 0.39034523 0.37934691 0.36854396 0.35797457 0.34765731 0.3376381 0.32794244 0.31862396 0.30808976 0.29665068 0.28543941 0.27451979 0.26381819 0.25313918 0.24251852 0.23234611 0.22281306 0.21406844 0.20333646 0.19115575 0.17924718 0.16690282 0.15476781 0.14307813 0.1330306 0.12518838 0.11747345
-9999 -9999 -9999 -9999 -9999 -9999 -9999 -9999 -9999 -9999 -9999 -9999 -9999 -9999 -9999 0.5734179 0.56517825 0.55652836 0.54803325 0.53979818 0.53176385 0.52322581 0.51493299 0.50690567 0.49876986 0.49065726 0.482819 0.47378238 0.46414996 0.45411188 0.44403463 0.43385547 0.42353407 0.41346346 0.40366701 0.39363731 0.38282991 0.37161677 0.36058743 0.34978081 0.33921678 0.32894361 0.31899 0.30941441 0.30025403 0.28950777 0.27797847 0.2667101 0.25575117 0.24505595 0.23437073 0.22371634 0.21359616 0.20426778 0.19573204 0.18582615 0.17332493 0.1610101 0.14904026 0.13785292 0.12549648 0.11788048 0.11904114
-9999 -9999 -9999 -9999 -9999 -9999 -9999 -9999 -9999 -9999 -9999 -9999 -9999 -9999 -9999 0.56299715 0.55484284 0.54666806 0.53847752 0.53009637 0.52199182 0.51360377 0.50519703 0.49706228 0.48907286 0.48084653 0.4729023 0.46482451 0.45525274 0.4457789 0.43563807 0.42559151 0.41527966 0.40496899 0.39492878 0.3851512 0.375014 0.36417414 0.35288889 0.34183559 0.33101169 0.32046747 0.31023453 0.3003762 0.2909362 0.28199009 0.27096746 0.25934187 0.24798411 0.23699043 0.22628602 0.21561087 0.20495616 0.19493439 0.18595359 0.17737405 0.16757095 0.15553625 0.14393133 0.13135258 0.11886317 0.11764778 0.12055886
-9999 -9999 -9999 -9999 -9999 -9999 -9999 -9999 -9999 -9999 -9999 -9999 -9999 -9999 -9999 0.55269623 0.54449569 0.53632954 0.52819923 0.52017475 0.51227096 0.50410728 0.49553643 0.4872602 0.47929386 0.47108134 0.46302281 0.45527839 0.44622447 0.43673917 0.42717803 0.4171316 0.40720562 0.39674454 0.38644999 0.37644917 0.36654688 0.35643929 0.34556581 0.33419952 0.3230801 0.31224878 0.30171503 0.29154681 0.28179447 0.27254377 0.26385926 0.25250526 0.24074104 0.22928248 0.21822249 0.20752419 0.19684381 0.18621087 0.17642194 0.16775149 0.15851958 0.14910335 0.13783972 0.12529044 0.11550568 0.11687256 0.11988815
-9999 -9999 -9999 -9999 -9999 -9999 -9999 -9999 -9999 -9999 -9999 -9999 -9999 -9999 -9999 -9999 0.53415405 0.52593957 0.51775996 0.50974695 0.50193972 0.49431485 0.48601922 0.47757617 0.46944962 0.46136754 0.45318552 0.4453274 0.43731411 0.42765321 0.4182249 0.40846405 0.39846468 0.38867431 0.3782546 0.36798304 0.35803339 0.3479884 0.33792116 0.32701314 0.31555453 0.30435998 0.29347945 0.28297369 0.27287352 0.26327548 0.25425943 0.2455061 0.23406417 0.22221745 0.21060131 0.19946387 0.18875392 0.17808784 0.16747119 0.15819822 0.14951885 0.13972195 0.13122702 0.12083886 0.11389669 0.1166666 0.11844352
