inst/extdata/ramblas_cr10_dist_t1_ave.asc
ncols 114
nrows 113
xllcorner 688075
yllcorner 4173950
cellsize 25.000000
NODATA_value -9999
[rows 56 to 83 of 113, columns 0 to 62 of 114]
-9999 -9999 -9999 -9999 -9999 -9999 -9999 -9999 -9999 -9999 -9999 -9999 -9999 -9999 -9999 -9999 0.52394112 0.51567947 0.50745162 0.49925913 0.49137949 0.48381238 0.47601724 0.46785609 0.45974076 0.45178668 0.44342478 0.43541449 0.42777523 0.41868876 0.40910632 0.39961699 0.38975306 0.37982029 0.36991528 0.35961083 0.34957574 0.33969281 0.32948224 0.31947011 0.30852702 0.29696178 0.28568019 0.27474439 0.26423207 0.25423877 0.24483384 0.23615896 0.22695773 0.21538398 0.20380815 0.19198295 0.18069899 0.16999259 0.15932911 0.14879192 0.14015952 0.13159742 0.12135339 0.11458378 0.11287426 0.11409768 0.11658956
-9999 -9999 -9999 -9999 -9999 -9999 -9999 -9999 -9999 -9999 -9999 -9999 -9999 0.53882156 0.53047822 0.52207461 0.51373326 0.50542324 0.49714596 0.4889029 0.48083942 0.4731124 0.46574039 0.45758646 0.44962126 0.441958 0.43381549 0.42562354 0.41781368 0.40986235 0.40008054 0.39060117 0.38103046 0.37105774 0.3611925 0.35116371 0.34089309 0.33096182 0.3213574 0.31103667 0.3011003 0.29012261 0.2784318 0.26704709 0.25604784 0.24553719 0.23564653 0.22653616 0.21833865 0.20852566 0.19674281 0.18550157 0.17348099 0.16194963 0.15122189 0.14061377 0.13074472 0.12243056 0.11937728 0.1175357 0.11764944 0.11574236 0.11648639
-9999 -9999 -9999 -9999 -9999 -9999 -9999 -9999 -9999 -9999 -9999 -9999 -9999 0.52856466 0.52003246 0.51178932 0.50362987 0.49530603 0.4869807 0.47868851 0.47043097 0.46251627 0.45496498 0.44722557 0.43925279 0.43149193 0.42388514 0.41598325 0.40799167 0.40027379 0.39122965 0.38150543 0.37209744 0.36248335 0.35237021 0.34259902 0.33240892 0.32219273 0.31234841 0.30262164 0.29255828 0.28283189 0.27182199 0.25997995 0.24846913 0.23739464 0.22690059 0.21717922 0.20847011 0.20103356 0.19029542 0.17821419 0.16674099 0.15538904 0.14322437 0.13246117 0.12658485 0.12418246 0.12229853 0.12208599 0.12052948 0.11960742 0.11878913
-9999 -9999 -9999 -9999 -9999 -9999 -9999 -9999 -9999 -9999 -9999 -9999 0.52705811 0.51825095 0.50972154 0.50129084 0.49316235 0.48511532 0.47681695 0.4684742 0.46016485 0.45205101 0.44430912 0.43686163 0.42873779 0.42100796 0.41348323 0.4056098 0.39791324 0.39056491 0.38265031 0.37264486 0.36299379 0.35347744 0.34374863 0.33370602 0.32403811 0.3136635 0.30350224 0.29378274 0.28388729 0.27392856 0.26444409 0.2536596 0.24163028 0.22995883 0.21879059 0.20834209 0.19892169 0.19091751 0.18294878 0.17154237 0.15998183 0.1480117 0.13725541 0.1276618 0.12897622 0.1284409 0.12661113 0.12533107 0.12429832 0.12359377 0.12230318
-9999 -9999 -9999 -9999 -9999 -9999 -9999 -9999 -9999 -9999 -9999 -9999 0.51683508 0.50806454 0.49932687 0.49088718 0.48260595 0.47460953 0.46665629 0.45837725 0.4500533 0.44172784 0.43378255 0.42624296 0.41830896 0.41035664 0.40283672 0.39527234 0.38745408 0.38002353 0.3727002 0.36406896 0.35411645 0.34455936 0.33491807 0.32502752 0.31505998 0.30542409 0.29491676 0.28484088 0.27527101 0.2651711 0.25533925 0.24568838 0.23496345 0.22342516 0.21153699 0.20024243 0.1899045 0.18109388 0.1734336 0.16466681 0.1527953 0.14205994 0.13027217 0.12941367 0.12969659 0.13121472 0.13079833 0.12902014 0.12838446 0.12706455 0.12640191
-9999 -9999 -9999 -9999 -9999 -9999 -9999 -9999 -9999 -9999 -9999 -9999 0.50649304 0.49793508 0.48909501 0.48043759 0.47210165 0.46398938 0.45598205 0.44801867 0.43985641 0.43155954 0.42339671 0.41565091 0.40804706 0.39985562 0.39210864 0.38483946 0.3770139 0.36944172 0.36218533 0.35459256 0.34531352 0.33565593 0.32616997 0.31643376 0.30634833 0.29645399 0.28665485 0.27618351 0.26620734 0.25677916 0.24646647 0.23683422 0.22692867 0.21620441 0.20508295 0.19316489 0.18175819 0.17172168 0.1644653 0.15568287 0.14699304 0.13447839 0.12984018 0.13015128 0.13184256 0.13274254 0.13374218 0.1333394 0.13181682 0.13110271 0.12996896
-9999 -9999 -9999 -9999 -9999 -9999 -9999 -9999 -9999 -9999 -9999 0.50395402 0.49582673 0.48780382 0.47904108 0.47015444 0.4615906 0.45337569 0.44545629 0.43743944 0.42946749 0.42143068 0.41312694 0.40519686 0.39768935 0.38952108 0.38152794 0.3740296 0.36639336 0.35883664 0.35165166 0.34429293 0.33604957 0.32637018 0.31716072 0.30765895 0.29804575 0.28771935 0.2779308 0.26789208 0.25745475 0.24763565 0.23801178 0.22780106 0.21846072 0.20818275 0.1974399 0.18673299 0.17474005 0.16316771 0.15464055 0.14632139 0.13753171 0.13057121 0.13076132 0.13259397 0.13317176 0.13425122 0.13579818 0.13658791 0.13579922 0.13475305 0.13377077
-9999 -9999 -9999 -9999 -9999 -9999 -9999 -9999 -9999 -9999 -9999 0.49354374 0.48520756 0.47721124 0.46889117 0.46005425 0.45124924 0.44279567 0.43472341 0.42683988 0.41881077 0.41082742 0.40289197 0.39480656 0.38716221 0.37937236 0.3711112 0.36336201 0.35592926 0.34809825 0.34084966 0.3336834 0.32599649 0.31707639 0.30746529 0.29839648 0.2892266 0.27943021 0.26915281 0.25952222 0.24916437 0.23875159 0.22915339 0.21925293 0.20919134 0.20005968 0.1894436 0.17869 0.16796273 0.15735402 0.1443972 0.13917062 0.13611795 0.13399879 0.13387911 0.13394033 0.1349321 0.13628921 0.13704817 0.138422 0.13952375 0.1385182 0.13772833
-9999 -9999 -9999 -9999 -9999 -9999 -9999 -9999 -9999 -9999 -9999 0.48329453 0.47473745 0.46652423 0.45864664 0.44998161 0.44109569 0.43238793 0.42406578 0.41616373 0.40831123 0.40028128 0.39228874 0.38434532 0.37664157 0.36920453 0.3608789 0.35285336 0.34540893 0.33753218 0.3300058 0.32291951 0.31590275 0.30742499 0.29810353 0.28861313 0.27966636 0.27037693 0.26086303 0.25066869 0.24128565 0.23047605 0.22012155 0.21086978 0.20048931 0.19074215 0.18130149 0.17076358 0.15996519 0.14920136 0.14332559 0.14273154 0.14071113 0.13882576 0.13727 0.13727799 0.13726418 0.13789388 0.13913576 0.14004235 0.14112586 0.14260238 0.14134373
-9999 -9999 -9999 -9999 -9999 -9999 -9999 -9999 -9999 -9999 -9999 0.47312172 0.46443109 0.4559871 0.4479185 0.43966947 0.43107049 0.42217244 0.41358205 0.40541867 0.39750661 0.38964529 0.38165009 0.37364451 0.36593539 0.35867966 0.3507616 0.34252447 0.33479959 0.32716418 0.31932518 0.31219285 0.30493872 0.29728039 0.28901211 0.27912323 0.26983785 0.26072151 0.25163291 0.24193631 0.23230408 0.22268328 0.21183219 0.20161448 0.19244047 0.18174192 0.1728251 0.16258537 0.152717 0.14594608 0.14571695 0.14599947 0.14460066 0.14282486 0.14103882 0.14033313 0.14053321 0.14070337 0.14111151 0.14204509 0.14318256 0.14403571 0.14525705
-9999 -9999 -9999 -9999 -9999 -9999 -9999 -9999 -9999 -9999 -9999 0.46298904 0.45415986 0.44561582 0.4373063 0.42933248 0.42072792 0.412044 0.40329424 0.39484759 0.38687878 0.37895967 0.37109264 0.36313825 0.35512307 0.34770967 0.340562 0.33224992 0.32431657 0.31702786 0.30883356 0.3013884 0.29413861 0.28703028 0.27860406 0.27000499 0.26018314 0.25115707 0.24183537 0.23307326 0.22290052 0.21384571 0.20413635 0.19323875 0.18340768 0.173765 0.16309562 0.15443271 0.1485571 0.14869189 0.1486101 0.14879367 0.14904235 0.14724754 0.14544647 0.14380382 0.14339248 0.14361174 0.14384505 0.1444603 0.14521804 0.14625905 0.14712535
-9999 -9999 -9999 -9999 -9999 -9999 -9999 -9999 -9999 -9999 0.4624805 0.45306579 0.44397319 0.43523544 0.42686096 0.41871328 0.41056068 0.4018323 0.39304891 0.38447469 0.37620725 0.36822588 0.36029518 0.35241771 0.34450204 0.33677131 0.32973911 0.32200399 0.31390655 0.30636607 0.29856604 0.29075636 0.28353227 0.27638355 0.26835448 0.26012162 0.25090844 0.24130762 0.23251823 0.22305521 0.21405966 0.20391153 0.19550517 0.18549979 0.17470271 0.16610742 0.15514276 0.1513237 0.15100531 0.15123077 0.15154016 0.1516634 0.15186 0.15139978 0.1496147 0.14784188 0.14670918 0.14646776 0.14667664 0.14692253 0.14745961 0.14837911 0.14944497
-9999 -9999 -9999 -9999 -9999 -9999 -9999 -9999 -9999 -9999 0.45302158 0.44337574 0.43400438 0.42498581 0.41635885 0.40816494 0.40014356 0.39159184 0.38294848 0.37409569 0.36573372 0.35769438 0.34970455 0.34176683 0.33388398 0.32601567 0.31866213 0.31128408 0.30335092 0.29581261 0.28840597 0.2802818 0.27307236 0.26560837 0.25830427 0.24967357 0.24150408 0.23179732 0.22255357 0.21350541 0.20448622 0.19508909 0.18506583 0.17681654 0.16653 0.15841608 0.15639682 0.15623585 0.15415013 0.15418521 0.15433632 0.15456503 0.15472125 0.1549375 0.1539857 0.15220719 0.15051093 0.14969119 0.14953029 0.14975659 0.14998503 0.15049438 0.15130923
-9999 -9999 -9999 -9999 -9999 -9999 -9999 -9999 -9999 0.45213741 0.44297753 0.43385871 0.42428057 0.41496267 0.40603515 0.39754458 0.38954044 0.38155439 0.3726686 0.36391694 0.35520026 0.34706074 0.33904651 0.33104178 0.32309017 0.31519454 0.30774045 0.3007554 0.29275603 0.28490497 0.27807352 0.26992756 0.26235345 0.25503731 0.2477986 0.23963324 0.23126428 0.22276392 0.21270643 0.20405009 0.19454412 0.18630222 0.1763011 0.1675859 0.16120793 0.16046748 0.15921676 0.15965816 0.15858858 0.15742492 0.15743128 0.15751974 0.15767734 0.15779461 0.15800321 0.15642054 0.15463505 0.15333272 0.15269085 0.15260901 0.15282041 0.15306557 0.15352234
-9999 -9999 -9999 -9999 -9999 -9999 -9999 -9999 -9999 0.44249623 0.43305165 0.42395906 0.41469878 0.40519739 0.39594654 0.38713311 0.37881368 0.37094131 0.36260306 0.35380845 0.34492379 0.33638755 0.32853136 0.32056178 0.31254935 0.30459195 0.29669271 0.28976577 0.28212166 0.2741048 0.26681102 0.25968249 0.251771 0.24455189 0.2374362 0.22988906 0.2209246 0.2126508 0.20368258 0.19367261 0.1856465 0.17589461 0.16766434 0.16438086 0.16196219 0.16266315 0.16285477 0.16179242 0.16252606 0.16149651 0.16079648 0.16075606 0.1607824 0.16087071 0.16093565 0.16076897 0.15898022 0.15727671 0.15621695 0.15572492 0.15567151 0.1559025 0.15612732
-9999 -9999 -9999 -9999 -9999 -9999 -9999 -9999 -9999 0.43296032 0.42338105 0.41398182 0.4049724 0.39554254 0.3861295 0.37696462 0.36829721 0.36019766 0.35231674 0.34364475 0.3349713 0.32598706 0.31769919 0.30983038 0.30189917 0.29386813 0.28589294 0.27850484 0.27159321 0.26364264 0.25575199 0.24895252 0.24105075 0.2342311 0.22663687 0.21925363 0.21124147 0.20268286 0.19444549 0.18464395 0.17528812 0.16754748 0.16512242 0.16573459 0.16491398 0.16472493 0.16535458 0.16482981 0.16448237 0.16509091 0.16438043 0.16406284 0.16417527 0.16413785 0.16415572 0.16415929 0.16330329 0.16144341 0.16002276 0.15916484 0.15875337 0.15875318 0.15896483
-9999 -9999 -9999 -9999 -9999 -9999 -9999 -9999 -9999 0.42358353 0.41378481 0.40427461 0.39493277 0.38602809 0.3763911 0.367082 0.35802996 0.34955477 0.3416131 0.33358493 0.32474936 0.31592868 0.30713845 0.29920961 0.29133991 0.28346397 0.27542956 0.26745435 0.26075796 0.25289553 0.24498755 0.23803655 0.2304189 0.22298566 0.21599663 0.20898039 0.20208024 0.19234295 0.18403102 0.17576876 0.17031235 0.16838604 0.1687347 0.16784781 0.16851961 0.16730076 0.16752776 0.16813552 0.16727373 0.16720621 0.16731876 0.1670367 0.16715001 0.16734867 0.16760574 0.16755104 0.16748619 0.16603676 0.16414879 0.16286273 0.16212582 0.16180922 0.16181453
-9999 -9999 -9999 -9999 -9999 -9999 -9999 -9999 -9999 0.41427753 0.4044125 0.39461091 0.38517935 0.37591154 0.36696975 0.35724606 0.34801306 0.33916372 0.33095041 0.32299765 0.31452111 0.30593129 0.29693369 0.28843917 0.28049187 0.27260431 0.26476806 0.25670725 0.24955527 0.24229548 0.23444527 0.22687274 0.21979131 0.2118063 0.20527061 0.19899767 0.19114316 0.18353467 0.17520936 0.1719264 0.17202348 0.17186668 0.17113309 0.17049193 0.17054467 0.17085118 0.16997138 0.17029787 0.17073779 0.16988739 0.1699522 0.16973815 0.16965216 0.1701219 0.17044092 0.17065555 0.17092775 0.17089059 0.1688077 0.16707454 0.165861 0.16512851 0.16484914
-9999 -9999 -9999 -9999 -9999 -9999 -9999 -9999 0.41503643 0.40504617 0.39511357 0.38524296 0.37543909 0.36606042 0.35692921 0.34781163 0.3381101 0.32898253 0.32040221 0.312387 0.30442491 0.29550835 0.28713651 0.27802433 0.2700226 0.26208232 0.25420815 0.2464058 0.23841826 0.23150944 0.22355959 0.21567996 0.20944907 0.20149585 0.19501329 0.18743326 0.18147476 0.17683426 0.17756454 0.17582854 0.17431286 0.17484603 0.17394789 0.17389129 0.17293603 0.17324751 0.17315272 0.1727337 0.17308791 0.17315065 0.17259085 0.17271902 0.17226573 0.17229765 0.17292048 0.17349146 0.17375008 0.17397249 0.1736308 0.17187001 0.17023168 0.1690444 0.16827936
-9999 -9999 -9999 -9999 -9999 -9999 -9999 -9999 0.40595053 0.39589344 0.38589229 0.37595127 0.36607526 0.35626998 0.3469498 0.33800388 0.32865553 0.31898781 0.31001413 0.30181317 0.29378405 0.28557462 0.27659138 0.26800318 0.25929638 0.25126466 0.24329246 0.23538351 0.22754173 0.22126383 0.21335855 0.20567707 0.19875461 0.19129873 0.18827798 0.18560499 0.182528 0.18093874 0.17963423 0.17908887 0.17765179 0.17707593 0.17768784 0.17651455 0.17614518 0.17554111 0.17595746 0.17562875 0.17552741 0.17589998 0.17564992 0.1753571 0.17538037 0.17486509 0.1749662 0.17562263 0.17632247 0.17679671 0.17706974 0.17607811 0.17458652 0.17342149 0.17246912
-9999 -9999 -9999 -9999 -9999 -9999 -9999 -9999 0.39689962 0.38682403 0.37675327 0.36674058 0.3567908 0.34690984 0.33710469 0.32786627 0.31916727 0.30950164 0.29988824 0.29115613 0.28328248 0.2752437 0.2664684 0.25788877 0.2489157 0.24107132 0.23310737 0.22525664 0.21759057 0.21010359 0.20254079 0.19639934 0.19495848 0.19178165 0.19075729 0.18829471 0.1863769 0.184845 0.18222688 0.18244985 0.1814455 0.18004765 0.17986987 0.17986334 0.17922078 0.17854768 0.17821458 0.17859189 0.17814455 0.17826596 0.17873818 0.17824678 0.1781222 0.17793359 0.17751975 0.17765577 0.17830204 0.17912039 0.17977905 0.18011068 0.1786937 0.17730414 0.17634126
-9999 -9999 -9999 -9999 -9999 -9999 -9999 -9999 0.3879321 0.37778787 0.3677018 0.35761622 0.34759117 0.33763246 0.32774736 0.31794513 0.30882761 0.3003743 0.29035015 0.28083154 0.27252318 0.26469651 0.25664219 0.24742129 0.23952448 0.23001591 0.22216732 0.2141037 0.20610291 0.20316621 0.19939665 0.19836268 0.19718313 0.19487526 0.19381283 0.19203939 0.1904632 0.18781656 0.1855803 0.18454686 0.18481158 0.18354193 0.18264582 0.18268638 0.18229963 0.18199769 0.18111164 0.18092958 0.18098081 0.18071966 0.18103175 0.18152272 0.18091735 0.18084185 0.18058106 0.18022375 0.18036745 0.18098943 0.18195572 0.18253833 0.18291527 0.18132051 0.18015115
-9999 -9999 -9999 -9999 -9999 -9999 -9999 0.3881671 0.37905258 0.36883871 0.35868084 0.34858453 0.3384827 0.32844427 0.31847659 0.30858917 0.29879516 0.28987156 0.28124289 0.27120134 0.26187451 0.25398831 0.24617139 0.23818921 0.22865719 0.22072247 0.21294728 0.20703703 0.20588775 0.20477666 0.20276901 0.20168918 0.20072134 0.19874936 0.19685255 0.19581412 0.19348245 0.19143688 0.18932673 0.1874587 0.18706162 0.18698797 0.18587421 0.1853094 0.18552653 0.18487849 0.18443888 0.18377428 0.18367729 0.18347637 0.18333495 0.1837697 0.18403087 0.18365233 0.18359435 0.18324394 0.18297826 0.18310531 0.18368778 0.18465562 0.18533261 0.18522566 0.18409193
-9999 -9999 -9999 -9999 -9999 -9999 -9999 0.3778489 0.36955526 0.35998193 0.34975099 0.33957907 0.32947317 0.31935317 0.30930018 0.29932382 0.28943787 0.27966373 0.27109363 0.26211937 0.25205547 0.24325771 0.23537069 0.2275762 0.219782 0.21211403 0.21223055 0.21087098 0.20969373 0.20846003 0.20669826 0.20448105 0.20349916 0.20260037 0.20014294 0.19900468 0.19685076 0.19496007 0.19330654 0.19086269 0.1897193 0.1896458 0.18899919 0.18840961 0.18803156 0.18818305 0.18754711 0.18691032 0.18650981 0.18645613 0.1860479 0.18598145 0.1864378 0.18661383 0.18641699 0.18630011 0.18586133 0.18579127 0.1858772 0.18640203 0.18731812 0.1881807 0.18753884
-9999 -9999 -9999 -9999 -9999 -9999 -9999 0.36724602 0.35952813 0.35108733 0.34091872 0.33066955 0.3204833 0.31036925 0.30022844 0.29015914 0.28017532 0.27030033 0.26057828 0.25281482 0.2429678 0.23291289 0.22528011 0.21889996 0.21449524 0.21466273 0.21377726 0.21317056 0.21216303 0.21123066 0.21018759 0.20780454 0.20671467 0.2057079 0.20373503 0.20224677 0.20052383 0.19864416 0.19645149 0.19450114 0.19287693 0.19214966 0.19218463 0.19115165 0.19095576 0.19079731 0.19066912 0.19028342 0.1894802 0.18919825 0.18921845 0.1886804 0.18865567 0.18911524 0.18926396 0.18909105 0.18895252 0.18853017 0.18858156 0.18869703 0.18914061 0.18998688 0.19111762
-9999 -9999 -9999 -9999 -9999 -9999 -9999 0.35658719 0.34960179 0.34092456 0.33219175 0.32186376 0.31159489 0.30139439 0.29127573 0.28110978 0.27102138 0.26103449 0.25120239 0.24168059 0.23385292 0.22418432 0.21968556 0.2182252 0.21698242 0.21675392 0.21618182 0.21644415 0.21553844 0.21448699 0.21352012 0.21154285 0.2098046 0.20871321 0.20726394 0.20544642 0.20442798 0.2020565 0.19989995 0.19795052 0.19620341 0.19513948 0.1946715 0.19416113 0.19345095 0.19345497 0.19360236 0.19324639 0.19279107 0.19212806 0.19190021 0.19185044 0.19136813 0.19135782 0.19180374 0.19190067 0.19180406 0.1916518 0.19125836 0.19127324 0.1915899 0.19191919 0.19266656
-9999 -9999 -9999 -9999 -9999 -9999 -9999 0.34578257 0.33887083 0.33095734 0.32250133 0.31317187 0.30281824 0.2925277 0.28231395 0.27219985 0.26200083 0.25188737 0.24191833 0.23240245 0.22461417 0.22177481 0.22209373 0.22106025 0.21992867 0.2188715 0.219393 0.21865407 0.21852962 0.21741882 0.21638309 0.21519739 0.21321858 0.21202296 0.21100157 0.2087161 0.20751236 0.20576261 0.2035996 0.20161755 0.19945485 0.19819417 0.19754906 0.19725038 0.19632496 0.19584308 0.19599077 0.19639442 0.19589674 0.195282 0.19484566 0.19464128 0.19443213 0.19411228 0.19409158 0.1944701 0.1944536 0.19456517 0.19423089 0.19406493 0.1940067 0.19444769 0.19477041
-9999 -9999 -9999 -9999 -9999 -9999 0.3421666 0.33509421 0.32829513 0.32132024 0.31229906 0.30399325 0.29416769 0.28378389 0.27346872 0.26324572 0.25316777 0.24291883 0.23275744 0.22380498 0.22391265 0.22254013 0.22370986 0.22417998 0.22322112 0.2220795 0.22134394 0.22133712 0.22120344 0.22082133 0.2196809 0.21861972 0.21652939 0.21527535 0.21409569 0.21225357 0.21057086 0.20926424 0.20752492 0.20515239 0.20296467 0.20127781 0.2003622 0.20005599 0.19954392 0.19861457 0.19829804 0.19855145 0.19904511 0.19861283 0.1978497 0.19753015 0.197426 0.19703725 0.19692092 0.19686494 0.19702729 0.19702897 0.1973296 0.1968631 0.1969148 0.19680864 0.19713466
