inst/extdata/rambla22_cr10_dist_t1.asc
ncols 114
nrows 113
xllcorner 688075
yllcorner 4173950
cellsize 25.000000
NODATA_value -9999
[rows 56 to 83 of 113, columns 0 to 62 of 114]
-9999 -9999 -9999 -9999 -9999 -9999 -9999 -9999 -9999 -9999 -9999 -9999 -9999 -9999 -9999 -9999 0.67491472 0.66529583 0.65574451 0.64626385 0.63685693 0.62749222 0.61779953 0.60803332 0.59775068 0.58714817 0.57658804 0.5660727 0.55560471 0.54514648 0.5346782 0.52422027 0.51375182 0.50329405 0.49282543 0.48236789 0.47185263 0.46096703 0.45012221 0.43932115 0.42856724 0.41786405 0.40721561 0.39662633 0.3861011 0.37564525 0.36517483 0.35471943 0.34424861 0.33379375 0.32332245 0.31286817 0.30239632 0.29194269 0.2814703 0.27101739 0.26054434 0.25009234 0.2396185 0.22916757 0.21884291 0.20866332 0.19865102
-9999 -9999 -9999 -9999 -9999 -9999 -9999 -9999 -9999 -9999 -9999 -9999 -9999 0.69683078 0.6877972 0.67815123 0.66837417 0.65865978 0.64901084 0.63943033 0.62992139 0.62048728 0.61113137 0.60154818 0.59183761 0.58206843 0.57160604 0.5609973 0.55043272 0.53991491 0.52944664 0.5189887 0.50852019 0.49806254 0.48759386 0.47713638 0.46666747 0.45621028 0.44574108 0.43490678 0.42404091 0.41322051 0.40244921 0.39173114 0.38107071 0.37047288 0.35994326 0.349488 0.33901707 0.3285623 0.31809091 0.30763677 0.29716483 0.28671135 0.27623879 0.26578611 0.25531286 0.24486112 0.23438706 0.22393641 0.21346138 0.20301211 0.19270644
-9999 -9999 -9999 -9999 -9999 -9999 -9999 -9999 -9999 -9999 -9999 -9999 -9999 0.68950625 0.68037546 0.67132423 0.6619096 0.65216613 0.64241962 0.63273933 0.62312826 0.61358973 0.60412707 0.59474397 0.58531334 0.57562368 0.56585507 0.55612171 0.5454627 0.53484711 0.52427767 0.51375713 0.50328862 0.49283097 0.48236223 0.47190487 0.46143585 0.45097874 0.44050951 0.43005269 0.41958318 0.40885901 0.39796972 0.38712762 0.37633678 0.3656018 0.35492772 0.34432015 0.33378553 0.3233309 0.3128594 0.3024054 0.29193332 0.28148001 0.27100731 0.26055485 0.2500814 0.23962992 0.22915562 0.2187053 0.20823 0.19778111 0.18730458
-9999 -9999 -9999 -9999 -9999 -9999 -9999 -9999 -9999 -9999 -9999 -9999 0.69079912 0.6818863 0.67305887 0.66392447 0.65485485 0.64566642 0.63597533 0.62619541 0.61648232 0.60683927 0.59726973 0.58777713 0.57836541 0.56903852 0.55937027 0.54966147 0.53988955 0.52998917 0.51932085 0.50869784 0.49812297 0.48759946 0.47713067 0.46667333 0.45620428 0.44574722 0.43527789 0.42482118 0.41435162 0.40389519 0.39342528 0.38282634 0.37191075 0.3610442 0.3502312 0.33947698 0.32878716 0.31816834 0.30762786 0.29717403 0.28670178 0.2762487 0.26577582 0.2553236 0.24484995 0.23439872 0.22392419 0.21347422 0.20299862 0.19255014 0.18207328
-9999 -9999 -9999 -9999 -9999 -9999 -9999 -9999 -9999 -9999 -9999 -9999 0.6833298 0.67431827 0.66539042 0.65654962 0.64747823 0.63838936 0.62938674 0.61973249 0.60998827 0.60024097 0.59056445 0.58096235 0.57143844 0.56199657 0.55264106 0.54313446 0.53344828 0.52367699 0.51394357 0.50385932 0.49318072 0.48254942 0.47196867 0.46144179 0.45097265 0.44051574 0.43004632 0.4195897 0.40912002 0.39866374 0.38819372 0.37773783 0.36726744 0.35681202 0.34586678 0.33497238 0.32413411 0.31335763 0.30264965 0.29201769 0.2814703 0.27101739 0.26054434 0.25009234 0.2396185 0.22916757 0.21869279 0.20824314 0.19776726 0.1873192 0.17684199
-9999 -9999 -9999 -9999 -9999 -9999 -9999 -9999 -9999 -9999 -9999 -9999 0.67598042 0.66686962 0.65784061 0.64889694 0.6400422 0.63103702 0.62192798 0.61290686 0.60348794 0.59379982 0.58401659 0.57430505 0.56466879 0.55511181 0.54563829 0.53625256 0.52691785 0.51719254 0.50748574 0.49771067 0.48802027 0.4777326 0.46704267 0.4564022 0.44581477 0.43528423 0.42481475 0.41435821 0.40388845 0.39343225 0.38296215 0.37250638 0.36203593 0.35158059 0.34110968 0.33065489 0.3198414 0.30891524 0.29804772 0.28724543 0.27651608 0.2658685 0.25531286 0.24486112 0.23438706 0.22393641 0.21346138 0.20301211 0.19253592 0.18208831 0.17161072
-9999 -9999 -9999 -9999 -9999 -9999 -9999 -9999 -9999 -9999 -9999 0.67733138 0.6684438 0.65954435 0.65041366 0.64136643 0.63240614 0.62353667 0.6146014 0.60547111 0.59643051 0.58726007 0.57755561 0.56781071 0.55806232 0.54839025 0.53879855 0.52929155 0.51987395 0.51055066 0.50095564 0.49127352 0.48149897 0.47176563 0.46212341 0.45160949 0.44090696 0.43025632 0.41966144 0.4091267 0.39865688 0.38820074 0.37773058 0.36727492 0.35680433 0.34634916 0.33587814 0.32542349 0.31495198 0.30449793 0.29383967 0.28287675 0.27197513 0.26114242 0.25038766 0.23972126 0.22915562 0.2187053 0.20823 0.19778111 0.18730458 0.17685747 0.16637948
-9999 -9999 -9999 -9999 -9999 -9999 -9999 -9999 -9999 -9999 -9999 0.66983446 0.66084601 0.65194364 0.6431137 0.63396234 0.62489591 0.6159182 0.60703319 0.59817178 0.58901916 0.57995805 0.57099279 0.56130946 0.55162482 0.54183782 0.532128 0.52249968 0.51295744 0.50350614 0.49415097 0.48473954 0.47501494 0.46531068 0.45553182 0.44584547 0.43625774 0.42549072 0.41477411 0.40411199 0.39350877 0.38296929 0.37249904 0.36204344 0.35157279 0.34111771 0.3306466 0.32019209 0.30972047 0.29926659 0.2887944 0.27834123 0.26786841 0.2568626 0.24592073 0.23505171 0.22426619 0.21357676 0.20299862 0.19255014 0.18207328 0.17162667 0.16114827
-9999 -9999 -9999 -9999 -9999 -9999 -9999 -9999 -9999 -9999 -9999 0.66245933 0.65336943 0.64436373 0.63544576 0.62661919 0.61751592 0.60842934 0.59943329 0.59053206 0.58172976 0.57257246 0.5634897 0.55450502 0.54508119 0.53537908 0.52563326 0.51588373 0.50621674 0.49663721 0.4871502 0.47776122 0.46847623 0.45877682 0.44909949 0.43932115 0.42958787 0.41995481 0.41016233 0.39937709 0.38864468 0.37796963 0.36735689 0.35681202 0.34634122 0.33588628 0.32541506 0.3149607 0.30448893 0.29403522 0.28356289 0.27310992 0.26263693 0.25218484 0.24171105 0.23088099 0.21989097 0.20897786 0.1981544 0.18743606 0.17684199 0.16639594 0.15591708
-9999 -9999 -9999 -9999 -9999 -9999 -9999 -9999 -9999 -9999 -9999 0.65500954 0.64601817 0.63690845 0.62788464 0.61895028 0.61010943 0.60107482 0.5919671 0.5829518 0.57403332 0.56521629 0.55613153 0.54702598 0.53802074 0.52887252 0.5191311 0.50945052 0.49965912 0.48995134 0.48033228 0.47080741 0.4613825 0.45206383 0.44256132 0.43283764 0.42313629 0.41335295 0.40367153 0.39409954 0.38407546 0.37326974 0.3625194 0.35182961 0.34120596 0.33065489 0.32018352 0.3097293 0.29925742 0.28880388 0.27833141 0.26787864 0.25740545 0.24695359 0.23647961 0.22602887 0.21555394 0.20494433 0.19389582 0.18292812 0.17205673 0.16130105 0.15068591
-9999 -9999 -9999 -9999 -9999 -9999 -9999 -9999 -9999 -9999 -9999 0.64738095 0.63850514 0.62958238 0.62045193 0.61140898 0.60245749 0.59360155 0.5846396 0.57550955 0.56647386 0.55753727 0.54870459 0.53969688 0.53056723 0.52154022 0.51262117 0.50290237 0.49320294 0.48345615 0.4737052 0.46404426 0.45447912 0.44501594 0.43566134 0.42637106 0.41659797 0.40692653 0.39714355 0.38741031 0.37778856 0.36828702 0.35799901 0.34717002 0.33639926 0.3256925 0.31505626 0.30449793 0.29402591 0.28357254 0.27309989 0.26264735 0.25217399 0.24172239 0.23124819 0.22079775 0.21032254 0.1998735 0.18939711 0.1789498 0.1679513 0.15691448 0.14598071
-9999 -9999 -9999 -9999 -9999 -9999 -9999 -9999 -9999 -9999 0.64894338 0.6398753 0.63089393 0.62200281 0.61315242 0.6040002 0.59493721 0.58596766 0.57709579 0.56821067 0.55905708 0.54999997 0.54104419 0.53219488 0.52326915 0.51411396 0.50506382 0.49612443 0.48669489 0.47695279 0.46727701 0.45748038 0.44777504 0.43816705 0.428663 0.41926993 0.40999548 0.40038324 0.39066064 0.38096292 0.3711741 0.36149874 0.35194625 0.34252696 0.33193542 0.32107986 0.31028551 0.29955911 0.28890813 0.27834123 0.26786841 0.2574161 0.24694251 0.2364912 0.22601678 0.21556665 0.20509116 0.19464253 0.1841658 0.17371899 0.16324075 0.1527963 0.14208517
-9999 -9999 -9999 -9999 -9999 -9999 -9999 -9999 -9999 -9999 0.64158401 0.63249702 0.62340935 0.61440993 0.60550282 0.59669201 0.58755362 0.57846954 0.56948086 0.5605922 0.55178853 0.54261015 0.53353036 0.52455431 0.51568741 0.50684895 0.49766669 0.48859199 0.47963089 0.47051078 0.46072352 0.45102729 0.44127927 0.43152672 0.42187307 0.41232534 0.40289104 0.39357831 0.38419658 0.37441918 0.36475487 0.35496628 0.34523308 0.33562541 0.32615438 0.31683217 0.30588802 0.2950017 0.28417996 0.27343042 0.26276194 0.25218484 0.24171105 0.23126003 0.22078535 0.21033558 0.19985981 0.18941158 0.1789345 0.16848822 0.15800956 0.14756578 0.13708508
-9999 -9999 -9999 -9999 -9999 -9999 -9999 -9999 -9999 0.6428626 0.63392349 0.62507544 0.61605592 0.60694751 0.59792919 0.58900522 0.58017979 0.57111263 0.56200628 0.55299749 0.54409112 0.53529219 0.52616934 0.5170655 0.50806791 0.49918227 0.49041476 0.48122605 0.47212521 0.46314098 0.45428034 0.4445175 0.4347746 0.42510458 0.4153017 0.40559933 0.3960048 0.38652619 0.37717225 0.36795243 0.35820536 0.34848414 0.33879096 0.32899522 0.31932757 0.30979999 0.30042585 0.29084372 0.27986124 0.26893914 0.25808507 0.24730802 0.23661847 0.22602887 0.21555394 0.20510451 0.19462845 0.18418065 0.17370323 0.16325752 0.15277837 0.14233537 0.13185407
-9999 -9999 -9999 -9999 -9999 -9999 -9999 -9999 -9999 0.63543279 0.62638768 0.61743167 0.60856877 0.59962053 0.5904903 0.58145216 0.57251031 0.5636694 0.55467781 0.54554798 0.53651789 0.52759273 0.51877775 0.50973515 0.50060584 0.4915854 0.48267988 0.47389584 0.46479277 0.45566397 0.44665507 0.43777338 0.42833727 0.41854467 0.40885235 0.39910288 0.3893483 0.37970358 0.37017725 0.36077876 0.3515183 0.34202319 0.33224039 0.32258514 0.3127894 0.30305635 0.29346687 0.28403545 0.27477844 0.26472332 0.25386151 0.24289714 0.23200445 0.22119405 0.21047867 0.1998735 0.18939711 0.1789498 0.16847198 0.15802686 0.14754725 0.13710505 0.1266231
-9999 -9999 -9999 -9999 -9999 -9999 -9999 -9999 -9999 0.62780181 0.61898124 0.60991653 0.60094276 0.59206415 0.5831912 0.57403812 0.56497895 0.55601832 0.54716107 0.53824962 0.529095 0.5200424 0.51109719 0.50226519 0.49330838 0.48415194 0.47510717 0.4661804 0.45737868 0.44836758 0.43920902 0.43017359 0.42126927 0.41210623 0.40234039 0.39259655 0.38293356 0.37312305 0.36342431 0.35384645 0.34439966 0.33509496 0.32587734 0.31602774 0.30630826 0.2966209 0.28681634 0.27715872 0.26766398 0.25835008 0.24906149 0.23856533 0.22789806 0.21688308 0.20594351 0.19509197 0.18434406 0.17371899 0.16324075 0.1527963 0.14231614 0.13187482 0.1213922
-9999 -9999 -9999 -9999 -9999 -9999 -9999 -9999 -9999 0.62001512 0.6112792 0.60253471 0.59344944 0.58445699 0.57556181 0.56676854 0.55759131 0.54850998 0.53952952 0.53065497 0.52182874 0.51264785 0.50357137 0.49460497 0.4857548 0.47688964 0.46770441 0.45863362 0.44968418 0.44086352 0.43195144 0.42276098 0.41369713 0.40476842 0.39584577 0.3861649 0.37636588 0.36667824 0.35692706 0.34717002 0.33753642 0.32803708 0.31868408 0.30949062 0.29985131 0.29006159 0.28041814 0.27061315 0.2608803 0.2513151 0.24193742 0.23277001 0.22290738 0.21240738 0.20198487 0.19090845 0.1799108 0.16900724 0.15821728 0.14756578 0.13708508 0.12664472 0.11616138
-9999 -9999 -9999 -9999 -9999 -9999 -9999 -9999 -9999 0.61235284 0.60350611 0.59475773 0.58609373 0.57698669 0.56797453 0.55906194 0.5502537 0.54115043 0.53204574 0.52304421 0.51415126 0.50537261 0.49620714 0.48710525 0.47811628 0.46924678 0.4604799 0.45126391 0.44216533 0.43319161 0.42435062 0.41554547 0.40632073 0.39722627 0.38827126 0.37946562 0.36993318 0.36016371 0.35041873 0.3407645 0.33094446 0.32125028 0.31169368 0.30228773 0.29304686 0.2836787 0.27385052 0.26413332 0.25445379 0.24463746 0.23499348 0.22554399 0.21631444 0.2070172 0.19675438 0.18624952 0.17583309 0.16499186 0.15392066 0.14294938 0.13210293 0.12141475 0.11093062
-9999 -9999 -9999 -9999 -9999 -9999 -9999 -9999 0.61387065 0.60481988 0.59586119 0.58699897 0.57823763 0.56958179 0.56052874 0.55149579 0.54256474 0.53374063 0.52471602 0.51558653 0.50656267 0.49765024 0.4888552 0.47977358 0.47064456 0.46163157 0.45274139 0.44398148 0.43483126 0.42570295 0.41670307 0.40784023 0.39912344 0.3898892 0.38076172 0.37177823 0.36294952 0.35366852 0.34399411 0.33418709 0.32450542 0.31475206 0.30499191 0.29537259 0.28590835 0.27661504 0.26738774 0.25768177 0.24788283 0.23825535 0.22843787 0.2187053 0.20917423 0.1998735 0.19077937 0.18101797 0.17060298 0.16009176 0.14968358 0.1391657 0.12799902 0.11693634 0.10601023
-9999 -9999 -9999 -9999 -9999 -9999 -9999 -9999 0.60658217 0.59742093 0.58834965 0.57937251 0.57049407 0.5617189 0.55305198 0.54407604 0.5350211 0.52607046 0.51722955 0.50828874 0.49913298 0.49008535 0.48115213 0.47233967 0.46334779 0.45418997 0.4451512 0.43623892 0.42746098 0.41840735 0.40924711 0.40021916 0.39133264 0.38259746 0.37346766 0.36430436 0.35528998 0.34643604 0.33743097 0.32776164 0.31798766 0.30824116 0.29859819 0.28876598 0.27907774 0.26954907 0.26019745 0.25104266 0.2415185 0.23167389 0.22195992 0.21229136 0.2024586 0.19283421 0.18345105 0.17434807 0.16484249 0.15486024 0.14445406 0.13393421 0.12353774 0.11300839 0.10219802
-9999 -9999 -9999 -9999 -9999 -9999 -9999 -9999 0.59943329 0.59016112 0.58097651 0.5718837 0.56288708 0.55399151 0.54520172 0.53652303 0.527629 0.51855081 0.50957944 0.50072065 0.49186923 0.48268559 0.47361272 0.46465728 0.45582614 0.44693074 0.43774213 0.4286758 0.41973969 0.41094231 0.4019933 0.39279867 0.38374039 0.37482831 0.36607313 0.35705738 0.34785524 0.33880712 0.32992566 0.32122472 0.31149164 0.3018256 0.29200829 0.28233439 0.27257827 0.26281403 0.25321379 0.24379693 0.23458548 0.2252161 0.21551585 0.20570414 0.19609948 0.18626421 0.17653218 0.16705259 0.15787091 0.14860084 0.13898859 0.12870272 0.11830924 0.10777697 0.09739857
-9999 -9999 -9999 -9999 -9999 -9999 -9999 -9999 0.59242926 0.58304571 0.57374715 0.56453792 0.55542238 0.54640519 0.5374914 0.52868619 0.51999499 0.51118824 0.50208532 0.49309195 0.48421414 0.4754584 0.46624498 0.45714523 0.44816608 0.43931495 0.43052339 0.42130177 0.41220582 0.40324413 0.39442581 0.38559038 0.3763586 0.36726744 0.3583276 0.34955066 0.34066006 0.33141556 0.32233049 0.31341881 0.30469562 0.29525212 0.28559227 0.27581241 0.266064 0.25643602 0.24658762 0.23690746 0.22741715 0.21814142 0.20895169 0.19936618 0.18949826 0.17978904 0.17013709 0.16027973 0.15068591 0.14140935 0.13243402 0.12267065 0.11308102 0.10254558 0.09217203
-9999 -9999 -9999 -9999 -9999 -9999 -9999 0.59514878 0.58557513 0.57607996 0.56666715 0.55734089 0.54810568 0.53896608 0.52992719 0.52099415 0.51217249 0.50346804 0.49475434 0.4856252 0.47660835 0.46771027 0.45893784 0.44981196 0.44068345 0.43167892 0.42280627 0.41407407 0.40486987 0.39574207 0.3867527 0.37791168 0.36920001 0.35992806 0.35080124 0.34183109 0.33303028 0.32427762 0.31498677 0.30586117 0.29691605 0.28816821 0.27904833 0.26931542 0.25966043 0.24982956 0.24016614 0.23040632 0.22063654 0.21106301 0.20171369 0.1926212 0.18304778 0.17335624 0.16352553 0.15395622 0.1440936 0.13436267 0.12496954 0.11599632 0.10642252 0.09686317 0.0869461
-9999 -9999 -9999 -9999 -9999 -9999 -9999 0.58855894 0.5788763 0.56926934 0.55974201 0.55029842 0.54094303 0.53168034 0.52251538 0.51345342 0.50449992 0.49566078 0.48694228 0.47832803 0.46917096 0.46012907 0.45120933 0.44241906 0.43338742 0.42422807 0.41519623 0.40630051 0.39754997 0.38844745 0.37928526 0.37026596 0.36140029 0.35269984 0.34350838 0.33434268 0.32533935 0.31651238 0.30787688 0.29857069 0.28940031 0.28041814 0.27164283 0.26288692 0.25307324 0.24342616 0.2336385 0.22388752 0.21428042 0.20440942 0.19474094 0.18530661 0.17614414 0.16677382 0.15722812 0.14732448 0.1376231 0.12799902 0.11810085 0.10856137 0.09948383 0.09028189 0.08050617
-9999 -9999 -9999 -9999 -9999 -9999 -9999 0.58212955 0.57233821 0.56261958 0.55297773 0.54341664 0.53394061 0.52455431 0.51526266 0.5060708 0.49698427 0.48800901 0.47915131 0.47041773 0.4618153 0.45272329 0.44365461 0.43471162 0.42590219 0.41697231 0.40777982 0.39871863 0.38979795 0.38102758 0.37203582 0.36283639 0.35378459 0.34489204 0.3361714 0.32710127 0.31789296 0.30885321 0.29999733 0.29134204 0.28216954 0.27294952 0.26392603 0.25511982 0.24655429 0.23687282 0.22714017 0.21750057 0.20765085 0.1980024 0.18823748 0.1784597 0.16892626 0.15968092 0.15055871 0.14088579 0.13120899 0.12134711 0.1118398 0.10192985 0.09220171 0.08298385 0.07431883
-9999 -9999 -9999 -9999 -9999 -9999 -9999 0.57558084 0.56586964 0.55613644 0.54638018 0.53670153 0.5271048 0.51759455 0.50817564 0.4988532 0.48963278 0.48052032 0.4715219 0.46264432 0.4538946 0.44528035 0.43628284 0.42718555 0.4182176 0.40938754 0.40056777 0.39133964 0.38224677 0.37329907 0.36450717 0.35563647 0.34639657 0.3373093 0.32838734 0.31964451 0.31070863 0.30145354 0.29237364 0.28348566 0.27480832 0.26578611 0.25651071 0.2474408 0.23859975 0.23001397 0.22072336 0.21089436 0.20126542 0.19146678 0.18171215 0.17213623 0.16223163 0.15258118 0.14323629 0.13426078 0.12459666 0.11511998 0.10515477 0.09546857 0.085901 0.07592198 0.06650572
-9999 -9999 -9999 -9999 -9999 -9999 -9999 0.5691972 0.55937519 0.54962663 0.53995547 0.53015956 0.52044225 0.51080793 0.50126152 0.49180805 0.482453 0.47320225 0.46406197 0.45503887 0.44614004 0.43737305 0.42874603 0.41985054 0.41072248 0.40172769 0.3928753 0.38417522 0.37490865 0.36578142 0.35680433 0.34798898 0.33925112 0.32996713 0.32084107 0.31188683 0.30311955 0.29433293 0.28502626 0.27590172 0.26697799 0.25827591 0.24942386 0.24008637 0.23096396 0.22208319 0.21347422 0.20452989 0.19469875 0.18496659 0.17534989 0.16547223 0.15584684 0.14607443 0.13628411 0.1268175 0.1177527 0.10838474 0.09873822 0.0890917 0.07916916 0.06979885 0.05978743
-9999 -9999 -9999 -9999 -9999 -9999 0.57298339 0.56298436 0.55305198 0.54318993 0.53340207 0.52369264 0.51395956 0.50420141 0.49452745 0.48494277 0.47545266 0.46606296 0.45677988 0.44760996 0.43856044 0.42963882 0.42085326 0.41221247 0.40342737 0.39426619 0.3852424 0.37636588 0.36764735 0.35848797 0.3493235 0.34031442 0.33147334 0.32281413 0.31354973 0.30438106 0.29539112 0.28659677 0.27797717 0.26861326 0.25943897 0.25047508 0.24174504 0.23308726 0.2236796 0.21449745 0.20557105 0.19693513 0.18822292 0.17856702 0.16871549 0.15911428 0.1492991 0.13953887 0.13001454 0.12005458 0.11043605 0.10125633 0.09229073 0.08242124 0.07309341 0.06299735 0.05335253
