inst/extdata/rambla11_cr10_dist_t1.asc
ncols 114
nrows 113
xllcorner 688075
yllcorner 4173950
cellsize 25.000000
NODATA_value -9999
[rows 28 to 55 of 113, columns 0 to 63 of 114]
-9999 -9999 -9999 -9999 -9999 -9999 -9999 -9999 -9999 -9999 -9999 -9999 -9999 -9999 -9999 -9999 -9999 -9999 -9999 0.72195955 0.71181524 0.70186396 0.69211421 0.68145577 0.67041462 0.65868191 0.64592486 0.63328738 0.62077661 0.60840057 0.59616757 0.5840866 0.57216736 0.56042003 0.54885576 0.53748633 0.52632434 0.51538335 0.50467764 0.49422259 0.48320605 0.47187178 0.46077626 0.44985238 0.43906939 0.42857158 -9999 -9999 -9999 -9999 -9999 -9999 -9999 -9999 -9999 -9999 -9999 -9999 -9999 -9999 -9999 -9999 -9999 -9999
-9999 -9999 -9999 -9999 -9999 -9999 -9999 -9999 -9999 -9999 -9999 -9999 -9999 -9999 -9999 -9999 -9999 -9999 0.72096807 0.71047407 0.70016329 0.69004402 0.68012485 0.67041462 0.6596225 0.64857727 0.63726581 0.62445304 0.61176169 0.5991995 0.58677472 0.57449625 0.56237377 0.55041751 0.53863851 0.52704869 0.51566085 0.50448865 0.49354668 0.48285066 0.47241721 0.46139686 0.45004314 0.43893906 0.42801485 0.41723902 0.40676398 -9999 -9999 -9999 -9999 -9999 -9999 -9999 -9999 -9999 -9999 -9999 -9999 -9999 -9999 -9999 -9999 -9999
-9999 -9999 -9999 -9999 -9999 -9999 -9999 -9999 -9999 -9999 -9999 -9999 -9999 -9999 -9999 -9999 -9999 -9999 0.7098025 0.6991409 0.68866047 0.67836975 0.66827724 0.65839231 0.64872429 0.63778945 0.62673985 0.61581733 0.60300749 0.59025903 0.57764195 0.56516514 0.55283804 0.54067093 0.52867483 0.51686167 0.50524429 0.49383647 0.48265312 0.47171005 0.46102462 0.45061499 0.43959042 0.42821537 0.41710187 0.40617739 0.39540943 0.38495977 -9999 -9999 -9999 -9999 -9999 -9999 -9999 -9999 -9999 -9999 -9999 -9999 -9999 -9999 -9999 -9999
-9999 -9999 -9999 -9999 -9999 -9999 -9999 -9999 -9999 -9999 -9999 -9999 -9999 -9999 -9999 -9999 -9999 -9999 0.6987998 0.68796772 0.67731441 0.66684853 0.65657907 0.64651522 0.63666693 0.62704415 0.6159567 0.60490254 0.59397979 0.58159113 0.56878182 0.55610627 0.54357378 0.53119454 0.51897941 0.50694036 0.49509022 0.48344283 0.47201326 0.46081769 0.44987361 0.43919971 0.42881629 0.41778727 0.40638865 0.39526467 0.38433989 0.37358072 0.36315956 -9999 -9999 -9999 -9999 -9999 -9999 -9999 -9999 -9999 -9999 -9999 -9999 -9999 -9999 -9999
-9999 -9999 -9999 -9999 -9999 -9999 -9999 -9999 -9999 -9999 -9999 -9999 -9999 -9999 -9999 -9999 -9999 -9999 0.68796772 0.6769623 0.66613309 0.65548867 0.64503833 0.63479156 0.62475847 0.61494939 0.60537535 0.59412433 0.58306515 0.57214233 0.56020726 0.54733315 0.53459505 0.52200289 0.50956752 0.49730069 0.48521517 0.47332484 0.4616448 0.45019149 0.43898249 0.42803717 0.41737616 0.40702184 0.39598788 0.38456314 0.37342755 0.36250239 0.35175314 -9999 -9999 -9999 -9999 -9999 -9999 -9999 -9999 -9999 -9999 -9999 -9999 -9999 -9999 -9999
-9999 -9999 -9999 -9999 -9999 -9999 -9999 -9999 -9999 -9999 -9999 -9999 -9999 -9999 -9999 -9999 -9999 0.68777357 0.67731441 0.66613309 0.6551248 0.6442986 0.63366369 0.62323001 0.61300767 0.60300749 0.59324078 0.58355569 0.57229233 0.5612278 0.55030483 0.53885981 0.52591652 0.51311139 0.50045514 0.48795926 0.47563646 0.46350049 0.4515664 0.4398507 0.42837125 0.41714756 0.40620087 0.39555412 0.38523222 0.37419295 0.3627391 0.35159043 0.34066489 0.32992687 0.3195744 -9999 -9999 -9999 -9999 -9999 -9999 -9999 -9999 -9999 -9999 -9999 -9999 -9999
-9999 -9999 -9999 -9999 -9999 -9999 -9999 -9999 -9999 -9999 -9999 -9999 -9999 -9999 -9999 -9999 -9999 0.6757778 0.66607578 0.65548867 0.6442986 0.63328738 0.62246435 0.61183969 0.60142376 0.5912277 0.58126307 0.5715419 0.56173742 0.55046079 0.53939049 0.52846737 0.51755322 0.50453589 0.49165891 0.47893364 0.46637239 0.45398885 0.44179792 0.42981602 0.41806111 0.40655291 0.39531292 0.38436473 0.37373389 0.36344833 0.35240329 0.3409168 0.32975338 0.31882739 0.30810219 -9999 -9999 -9999 -9999 -9999 -9999 -9999 -9999 -9999 -9999 -9999 -9999 -9999
-9999 -9999 -9999 -9999 -9999 -9999 -9999 -9999 -9999 -9999 -9999 -9999 -9999 -9999 -9999 -9999 -9999 0.66303326 0.65404662 0.64438742 0.63366369 0.62246435 0.6114498 0.60063032 0.59001659 0.57961989 0.56945214 0.55952585 0.54985403 0.53992073 0.52862974 0.51755322 0.50662983 0.49571591 0.48319621 0.47024195 0.45744206 0.44480998 0.43236032 0.42010933 0.40807492 0.39627681 0.38473674 0.37347859 0.3625287 0.35191581 0.3416713 0.33061993 0.31909653 0.30791641 0.2969899 0.28627945 0.27601762 -9999 -9999 -9999 -9999 -9999 -9999 -9999 -9999 -9999 -9999 -9999
-9999 -9999 -9999 -9999 -9999 -9999 -9999 -9999 -9999 -9999 -9999 -9999 -9999 -9999 -9999 -9999 -9999 0.64881982 0.64216342 0.63232274 0.62270943 0.61183969 0.60063032 0.58961234 0.57879655 0.56819462 0.55781866 0.54768156 0.53779678 0.52817848 0.51810574 0.50679925 0.49571591 0.48479237 0.47387864 0.461903 0.44886543 0.43598487 0.42327573 0.41075391 0.39843703 0.38634471 0.37449869 0.36292311 0.35164468 0.3406929 0.33010029 0.31990253 0.30884424 0.2972788 0.28607952 0.27515242 0.26445916 -9999 -9999 -9999 -9999 -9999 -9999 -9999 -9999 -9999 -9999 -9999
-9999 -9999 -9999 -9999 -9999 -9999 -9999 -9999 -9999 -9999 -9999 -9999 -9999 -9999 -9999 -9999 -9999 0.63436323 0.62858611 0.62040776 0.61060693 0.60104304 0.59001659 0.57879655 0.56777485 0.55696316 0.54637394 0.53602041 0.52591652 0.51607682 0.50651689 0.49629278 0.48496941 0.47387864 0.46295484 0.4520414 0.44066311 0.42753555 0.41456741 0.40177428 0.38917329 0.3767838 0.36462729 0.35272791 0.34111257 0.32981125 0.31885733 0.30828786 0.29814378 0.28707791 0.2754642 0.2642427 0.25331492 0.24264198 -9999 -9999 -9999 -9999 -9999 -9999 -9999 -9999 -9999 -9999
-9999 -9999 -9999 -9999 -9999 -9999 -9999 -9999 -9999 -9999 -9999 -9999 -9999 -9999 -9999 -9999 0.62573472 0.61995413 0.61435201 0.60840057 0.5986581 0.58890018 0.57938952 0.56819462 0.55696316 0.54593738 0.53513 0.52455461 0.51422543 0.5041577 0.49436731 0.48487105 0.47448205 0.46314024 0.4520414 0.44111738 0.43020417 0.41930261 0.40625957 0.39319617 0.38031109 0.36762306 0.35515312 0.34292516 0.33096593 0.31930568 0.30797835 0.29702201 0.28647927 0.27639746 0.26532331 0.25365355 0.24240601 0.23147742 0.22082878 -9999 -9999 -9999 -9999 -9999 -9999 -9999 -9999 -9999
-9999 -9999 -9999 -9999 -9999 -9999 -9999 -9999 -9999 -9999 -9999 -9999 -9999 -9999 -9999 -9999 0.61151223 0.60559586 0.60001869 0.59414842 0.58677472 0.576915 0.56720341 0.55775031 0.54637394 0.53513 0.52409985 0.51329725 0.50273687 0.4924343 0.48240596 0.47266949 0.4632432 0.45267392 0.4413119 0.43020417 0.41927988 0.40836697 0.39746636 0.38504648 0.37187911 0.35889307 0.34610875 0.33354939 0.32124133 0.30921461 0.2975033 0.28614617 0.27518708 0.26467546 0.25466674 0.24358351 0.23184796 0.22056951 0.20963994 0.19902093 -9999 -9999 -9999 -9999 -9999 -9999 -9999 -9999
-9999 -9999 -9999 -9999 -9999 -9999 -9999 -9999 -9999 -9999 -9999 -9999 -9999 -9999 -9999 -9999 0.59735029 0.5912922 0.58557883 0.57989132 0.57406448 0.56509766 0.55517937 0.54551791 0.53602041 0.52455461 0.51329725 0.50226239 0.49146492 0.48092093 0.4706474 0.46066241 0.45098523 0.44163596 0.43086876 0.41948458 0.40836697 0.39744238 0.38652981 0.37563029 0.36390728 0.35062609 0.33752884 0.32463769 0.31197823 0.29957986 0.28747633 0.27570646 0.26431487 0.25335256 0.2428777 0.23295602 0.22186292 0.21004899 0.19873318 0.18780244 0.17722038 -9999 -9999 -9999 -9999 -9999 -9999 -9999
-9999 -9999 -9999 -9999 -9999 -9999 -9999 -9999 -9999 -9999 -9999 -9999 -9999 -9999 -9999 -9999 0.58325327 0.57704725 0.57119138 0.56569647 0.55972185 0.55283804 0.5433281 0.53345202 0.523845 0.51422543 0.50273687 0.49146492 0.48042485 0.46963307 0.45910703 0.44886543 0.43892821 0.42931648 0.42005259 0.409067 0.39765832 0.38652981 0.37560488 0.36469269 0.35379438 0.34285561 0.32944957 0.31622923 0.30321893 0.29044687 0.27794592 0.26575431 0.25391661 0.2424847 0.23151864 0.22108777 0.21127139 0.20016777 0.18825896 0.17689719 0.16596496 0.15543019 -9999 -9999 -9999 -9999 -9999 -9999
-9999 -9999 -9999 -9999 -9999 -9999 -9999 -9999 -9999 -9999 -9999 -9999 -9999 -9999 -9999 0.5752014 0.56922599 0.56286536 0.55686036 0.55122265 0.54543923 0.53968217 0.53119454 0.52156423 0.51173407 0.50218642 0.4924343 0.48092093 0.46963307 0.45858739 0.44780176 0.43729547 0.42708912 0.41720471 0.4076657 0.39849689 0.38726935 0.37583334 0.36469269 0.35376738 0.34285561 0.33195861 0.32137493 0.3083652 0.29500829 0.28186445 0.26896489 0.25634653 0.24405294 0.23213573 0.22065595 0.20968542 0.19930826 0.18962188 0.17850732 0.16648136 0.15506158 0.14412746 -9999 -9999 -9999 -9999 -9999 -9999
-9999 -9999 -9999 -9999 -9999 -9999 -9999 -9999 -9999 -9999 -9999 -9999 -9999 -9999 -9999 0.56088787 0.55520511 0.54875149 0.54259033 0.53680273 0.53122142 0.52530862 0.51897941 0.50956752 0.49980676 0.49002674 0.48054394 0.4706474 0.45910703 0.44780176 0.43674989 0.42597108 0.41548666 0.4053194 0.39549384 0.386036 0.37697361 0.36547641 0.35400994 0.34285561 0.33192992 0.3210186 0.31012317 0.29956393 0.28739336 0.27388432 0.26059002 0.24754511 0.23479115 0.22237818 0.2103666 0.19882916 0.18785322 0.17754299 0.16802104 0.15689597 0.1447218 0.13322661 0.12228996 -9999 -9999 -9999 -9999 -9999
-9999 -9999 -9999 -9999 -9999 -9999 -9999 -9999 -9999 -9999 -9999 -9999 -9999 -9999 -9999 0.54663568 0.54080322 0.53471098 0.52838609 0.52244121 0.51688938 0.51099736 0.5053198 0.49730069 0.48795926 0.47805661 0.46833148 0.45891997 0.44886543 0.43729547 0.42597108 0.41491239 0.40414116 0.39368102 0.38355741 0.37379768 0.36443106 0.35548864 0.34368913 0.33218842 0.3210186 0.31009242 0.29918165 0.28828801 0.27775712 0.26656059 0.25288157 0.23941704 0.22620524 0.21329318 0.20073872 0.18861325 0.17700497 0.16602241 0.15579794 0.14649037 0.13535723 0.12298988 0.11139263 0.10045248 -9999 -9999 -9999 -9999
-9999 -9999 -9999 -9999 -9999 -9999 -9999 -9999 -9999 -9999 -9999 -9999 -9999 -9999 -9999 0.53244988 0.52646029 0.52074982 0.51425329 0.50814303 0.50243324 0.49675376 0.49091153 0.48486121 0.47563646 0.46629058 0.45631483 0.44665013 0.4373173 0.42708912 0.41548666 0.40414116 0.3930749 0.38231207 0.37187911 0.36180451 0.352119 0.34285561 0.33376378 0.32190867 0.3103691 0.29918165 0.28825493 0.27734477 0.26645322 0.25595555 0.2459022 0.23203301 0.21837495 0.2049702 0.19187194 0.17914732 0.16688189 0.15518455 0.14419362 0.13408293 0.12506613 0.1139323 0.10130339 0.08956035 0.07861498 -9999 -9999 -9999
-9999 -9999 -9999 -9999 -9999 -9999 -9999 -9999 -9999 -9999 -9999 -9999 -9999 -9999 -9999 0.51833581 0.51218118 0.50642272 0.50019781 0.49391368 0.48803741 0.4825839 0.476568 0.47098163 0.46350049 0.45398885 0.44450967 0.43458259 0.42498477 0.41573909 0.4053194 0.39368102 0.38231207 0.3712374 0.36048403 0.35008164 0.34006243 0.33046121 0.32131555 0.31205467 0.30013647 0.28855256 0.27734477 0.26641743 0.25550799 0.24461893 0.23416065 0.2242786 0.21138423 0.19750561 0.18387637 0.17055628 0.15762375 0.14518238 0.13336971 0.12236794 0.11241538 0.10381426 0.0927001 0.07969937 0.06773145 -9999 -9999 -9999
-9999 -9999 -9999 -9999 -9999 -9999 -9999 -9999 -9999 -9999 -9999 -9999 -9999 -9999 -9999 0.50429956 0.49797143 0.49204676 0.48622636 0.47975935 0.47370756 0.46808708 0.46229515 0.45653424 0.45055147 0.44179792 0.43236032 0.42273464 0.4128615 0.40333795 0.39418946 0.38355741 0.37187911 0.36048403 0.3493999 0.3386572 0.32828954 0.31833346 0.3088288 0.29981851 0.29036476 0.27837452 0.26673941 0.25550799 0.24457993 0.23367138 0.22278526 0.21237454 0.20260677 0.19100006 0.17687023 0.16297852 0.14939144 0.13620015 0.12353152 0.11156373 0.10054737 0.09082928 0.08286746 0.07183175 0.0582697 0.0459107 0.03493999 -9999
-9999 -9999 -9999 -9999 -9999 -9999 -9999 -9999 -9999 -9999 -9999 -9999 -9999 -9999 -9999 0.49034775 0.48383727 0.47773726 0.47206378 0.4656868 0.45944964 0.45365258 0.44809988 0.44215394 0.43667344 0.42919429 0.42010933 0.41075391 0.40096632 0.39115335 0.38171288 0.37267331 0.36180451 0.35008164 0.3386572 0.3275624 0.31683184 0.30650384 0.29662039 0.28722739 0.27837452 0.26869879 0.25662538 0.24493062 0.23367138 0.22274243 0.21183495 0.2009524 0.19060017 0.18097473 0.17097515 0.15656127 0.14236304 0.12845199 0.11493245 0.10196029 0.08977309 0.07873621 0.06940064 0.06130077 0.05027369 0.03731593 0.0241203 -9999
-9999 -9999 -9999 -9999 -9999 -9999 -9999 -9999 -9999 -9999 -9999 -9999 -9999 -9999 -9999 0.47648793 0.46978538 0.46350049 0.45765054 0.45170366 0.4452707 0.43928657 0.43376984 0.42784773 0.42218148 0.41627785 0.40784115 0.39843703 0.38917329 0.37920606 0.36946046 0.36011345 0.35114257 0.34006243 0.32828954 0.31683184 0.3057249 0.29500829 0.28472607 0.27492701 0.26566458 0.25699677 0.24706304 0.23489269 0.22312747 0.21183495 0.20090495 0.18999874 0.1791207 0.1688421 0.15939875 0.15094748 0.13672434 0.12217293 0.10786926 0.09392661 0.0805327 0.06801248 0.05694522 0.04833935 0.03954938 0.02847261 0.01746999 0.00308829
-9999 -9999 -9999 -9999 -9999 -9999 -9999 -9999 -9999 -9999 -9999 -9999 -9999 -9999 -9999 0.46272819 0.45582335 0.44934326 0.44330651 0.43773146 0.43117853 0.424996 0.41929126 0.41362309 0.40775927 0.40240287 0.39487841 0.38634471 0.3767838 0.36751924 0.35745516 0.34778567 0.33854456 0.32942061 0.31833346 0.30650384 0.29500829 0.28388742 0.27318697 0.26295826 0.25325844 0.2441506 0.23570334 0.22546617 0.21318137 0.20133174 0.18999874 0.17906745 0.16816288 0.15729061 0.14710757 0.13790512 0.12989179 0.1175985 0.10265945 0.08789421 0.07340777 0.0594044 0.04632432 0.0352119 0.02847261 0.01800766 0.00690562 0
-9999 -9999 -9999 -9999 -9999 -9999 -9999 -9999 -9999 -9999 -9999 -9999 -9999 -9999 -9999 0.44886543 0.4419598 0.43527334 0.42903867 0.42327573 0.41718186 0.41078871 0.40488387 0.39948886 0.39341445 0.38785994 0.38205006 0.37352967 0.36462729 0.35515312 0.34572279 0.33571553 0.32613256 0.31701242 0.307715 0.29662039 0.28472607 0.27318697 0.26204992 0.25136843 0.24120298 0.2316216 0.22269961 0.21451934 0.20392057 0.19149875 0.17954617 0.16816288 0.15722995 0.14632751 0.1354629 0.12540883 0.1165394 0.10914378 0.09766024 0.0831547 0.06905622 0.05393463 0.0390641 0.02489857 0.01381124 0.00690562 0 0.00690562
-9999 -9999 -9999 -9999 -9999 -9999 -9999 -9999 -9999 -9999 -9999 -9999 -9999 -9999 -9999 0.43510898 0.42820425 0.42129952 0.4148549 0.40889212 0.40329071 0.3966737 0.39055548 0.38495977 0.37915573 0.37338921 0.3681804 0.36060309 0.35218671 0.34292516 0.33354939 0.32393182 0.31398943 0.30450584 0.29552511 0.28602949 0.27492701 0.26295826 0.25136843 0.24021243 0.22955352 0.2194641 0.2100263 0.20133174 0.1934807 0.18244438 0.16985584 0.15777495 0.14632751 0.13539247 0.12449286 0.11363892 0.1037683 0.09538761 0.08848902 0.07873621 0.06366669 0.04883012 0.03452811 0.02161802 0.00617658 0 0.01113498 0.01746999
-9999 -9999 -9999 -9999 -9999 -9999 -9999 -9999 -9999 -9999 -9999 -9999 -9999 -9999 -9999 0.42124293 0.4143373 0.40743167 0.40076414 0.39458847 0.38892818 0.3826612 0.3763152 0.37050449 0.3649933 0.35899938 0.35357863 0.34788162 0.33920595 0.33067761 0.32124133 0.31197823 0.3021476 0.29227997 0.28291144 0.27402356 0.26436899 0.25325844 0.24120298 0.22955352 0.21837495 0.20774333 0.19774692 0.18848681 0.18007659 0.17264054 0.1610654 0.14826998 0.13602497 0.12449286 0.11355498 0.10265945 0.0918214 0.08223201 0.07463185 0.06773145 0.0582697 0.04421756 0.03088288 0.01544144 0 0.00690562 0.02183749 0.03041611
-9999 -9999 -9999 -9999 -9999 -9999 -9999 -9999 -9999 -9999 -9999 -9999 -9999 -9999 -9999 0.40749021 0.40058556 0.39368102 0.38677648 0.38037378 0.37449869 0.36876281 0.36217336 0.35613197 0.35066692 0.34470051 0.33905127 0.33402089 0.32638103 0.31786871 0.30921461 0.29957986 0.29044687 0.28037165 0.27059114 0.26135749 0.25227739 0.24274023 0.2316216 0.2194641 0.20774333 0.19653745 0.18593955 0.1760595 0.16702471 0.15897935 0.15208055 0.13982818 0.12677037 0.11430839 0.10265945 0.09171747 0.08082823 0.07001633 0.06091056 0.05402298 0.0459107 0.03731593 0.02489857 0.00976602 0 0.01235315 0.02779459 0.04143373
-9999 -9999 -9999 -9999 -9999 -9999 -9999 -9999 -9999 -9999 -9999 -9999 -9999 -9999 -9999 -9999 0.38671484 0.37980921 0.37290357 0.36625848 0.36015319 0.35461561 0.34814196 0.34185267 0.33615558 0.33050453 0.32460832 0.31935047 0.31379194 0.30492836 0.29653996 0.28747633 0.27794592 0.26882301 0.25860608 0.24892828 0.23985483 0.2305485 0.22115246 0.2100263 0.19774692 0.18593955 0.17469995 0.16414477 0.1544144 0.14567426 0.13811244 0.13106135 0.11864815 0.10540974 0.09264864 0.08082823 0.06987998 0.05900166 0.0482406 0.04014774 0.03326188 0.0241203 0.01746999 0.00690562 0.00308829 0.01852973 0.03179587 0.0459107
